205 0.01
0 0.210434 -1.299662 1.069063 -0.400674 -0.127603 -1.344002 1.136666 -0.487878 -0.003034 0.049683 -0.264361 0.643720 -0.774243 0.077495 -0.247210 0.621473 -0.845274 0.0 0.0 0.0 0.0 0.0 0.0 0.0 0.0 0.0 0.0 0.0 0.0 0.0 0.0 0.0 0.0 0.0
0 0.210372 -1.300668 1.069823 -0.400902 -0.128035 -1.344228 1.137938 -0.487809 -0.003002 0.049539 -0.260314 0.635046 -0.773826 0.076972 -0.244046 0.613252 -0.844707 0.0 0.0 0.0 0.0 0.0 0.0 0.0 0.0 0.0 0.0 0.0 0.0 0.0 0.0 0.0 0.0 0.0
0 0.210248 -1.302651 1.071332 -0.401354 -0.128890 -1.344677 1.140456 -0.487665 -0.002929 0.049247 -0.252327 0.617895 -0.773008 0.075934 -0.237784 0.597010 -0.843590 0.0 0.0 0.0 0.0 0.0 0.0 0.0 0.0 0.0 0.0 0.0 0.0 0.0 0.0 0.0 0.0 0.0
0 0.210061 -1.305559 1.073570 -0.402023 -0.130151 -1.345343 1.144170 -0.487438 -0.002801 0.048801 -0.240608 0.592653 -0.771817 0.074398 -0.228552 0.573134 -0.841959 0.0 0.0 0.0 0.0 0.0 0.0 0.0 0.0 0.0 0.0 0.0 0.0 0.0 0.0 0.0 0.0 0.0
0 0.209811 -1.309313 1.076505 -0.402896 -0.131794 -1.346217 1.149006 -0.487113 -0.002600 0.048191 -0.225454 0.559874 -0.770296 0.072387 -0.216534 0.542185 -0.839858 0.0 0.0 0.0 0.0 0.0 0.0 0.0 0.0 0.0 0.0 0.0 0.0 0.0 0.0 0.0 0.0 0.0
0 0.209499 -1.313817 1.080099 -0.403957 -0.133786 -1.347283 1.154871 -0.486676 -0.002302 0.047402 -0.207241 0.520260 -0.768494 0.069932 -0.201959 0.504860 -0.837344 0.0 0.0 0.0 0.0 0.0 0.0 0.0 0.0 0.0 0.0 0.0 0.0 0.0 0.0 0.0 0.0 0.0
0 0.209125 -1.318960 1.084306 -0.405185 -0.136090 -1.348520 1.161656 -0.486112 -0.001890 0.046420 -0.186400 0.474627 -0.766465 0.067072 -0.185091 0.461968 -0.834475 0.0 0.0 0.0 0.0 0.0 0.0 0.0 0.0 0.0 0.0 0.0 0.0 0.0 0.0 0.0 0.0 0.0
0 0.208693 -1.324618 1.089078 -0.406553 -0.138664 -1.349899 1.169239 -0.485408 -0.001348 0.045228 -0.163403 0.423875 -0.764265 0.063849 -0.166215 0.414387 -0.831309 0.0 0.0 0.0 0.0 0.0 0.0 0.0 0.0 0.0 0.0 0.0 0.0 0.0 0.0 0.0 0.0 0.0
0 0.208209 -1.330659 1.094364 -0.408030 -0.141465 -1.351386 1.177492 -0.484555 -0.000665 0.043812 -0.138738 0.368948 -0.761950 0.060313 -0.145626 0.363025 -0.827896 0.0 0.0 0.0 0.0 0.0 0.0 0.0 0.0 0.0 0.0 0.0 0.0 0.0 0.0 0.0 0.0 0.0
0 0.207682 -1.336947 1.100116 -0.409582 -0.144446 -1.352940 1.186285 -0.483549 0.000160 0.042158 -0.112891 0.310804 -0.759570 0.056514 -0.123618 0.308788 -0.824281 0.0 0.0 0.0 0.0 0.0 0.0 0.0 0.0 0.0 0.0 0.0 0.0 0.0 0.0 0.0 0.0 0.0
0 0.207125 -1.343341 1.106290 -0.411171 -0.147564 -1.354517 1.195485 -0.482393 0.001121 0.040264 -0.086326 0.250381 -0.757170 0.052506 -0.100474 0.252540 -0.820498 0.0 0.0 0.0 0.0 0.0 0.0 0.0 0.0 0.0 0.0 0.0 0.0 0.0 0.0 0.0 0.0 0.0
0 0.206553 -1.349697 1.112847 -0.412760 -0.150777 -1.356072 1.204966 -0.481096 0.002206 0.038132 -0.059469 0.188567 -0.754790 0.048345 -0.076459 0.195083 -0.816569 0.0 0.0 0.0 0.0 0.0 0.0 0.0 0.0 0.0 0.0 0.0 0.0 0.0 0.0 0.0 0.0 0.0
0 0.205982 -1.355870 1.119757 -0.414314 -0.154047 -1.357561 1.214609 -0.479672 0.003398 0.035775 -0.032696 0.126179 -0.752460 0.044084 -0.051812 0.137127 -0.812509 0.0 0.0 0.0 0.0 0.0 0.0 0.0 0.0 0.0 0.0 0.0 0.0 0.0 0.0 0.0 0.0 0.0
0 0.205429 -1.361717 1.126994 -0.415803 -0.157344 -1.358941 1.224300 -0.478141 0.004676 0.033221 -0.006318 0.063943 -0.750205 0.039774 -0.026744 0.079282 -0.808328 0.0 0.0 0.0 0.0 0.0 0.0 0.0 0.0 0.0 0.0 0.0 0.0 0.0 0.0 0.0 0.0 0.0
0 0.204909 -1.367096 1.134539 -0.417203 -0.160640 -1.360171 1.233935 -0.476524 0.006019 0.030505 0.019426 0.002482 -0.748040 0.035464 -0.001435 0.022048 -0.804032 0.0 0.0 0.0 0.0 0.0 0.0 0.0 0.0 0.0 0.0 0.0 0.0 0.0 0.0 0.0 0.0 0.0
0 0.204433 -1.371876 1.142374 -0.418502 -0.163914 -1.361216 1.243418 -0.474845 0.007408 0.027675 0.044370 -0.057692 -0.745973 0.031197 0.023969 -0.034189 -0.799627 0.0 0.0 0.0 0.0 0.0 0.0 0.0 0.0 0.0 0.0 0.0 0.0 0.0 0.0 0.0 0.0 0.0
0 0.204008 -1.375931 1.150480 -0.419697 -0.167152 -1.362040 1.252658 -0.473127 0.008826 0.024786 0.068425 -0.116180 -0.744005 0.027010 0.049357 -0.089149 -0.795124 0.0 0.0 0.0 0.0 0.0 0.0 0.0 0.0 0.0 0.0 0.0 0.0 0.0 0.0 0.0 0.0 0.0
0 0.203634 -1.379152 1.158834 -0.420798 -0.170340 -1.362605 1.261574 -0.471387 0.010261 0.021898 0.091577 -0.172692 -0.742127 0.022935 0.074650 -0.142649 -0.790544 0.0 0.0 0.0 0.0 0.0 0.0 0.0 0.0 0.0 0.0 0.0 0.0 0.0 0.0 0.0 0.0 0.0
0 0.203309 -1.381450 1.167401 -0.421828 -0.173469 -1.362872 1.270088 -0.469641 0.011709 0.019075 0.113881 -0.227044 -0.740326 0.018995 0.099800 -0.194596 -0.785912 0.0 0.0 0.0 0.0 0.0 0.0 0.0 0.0 0.0 0.0 0.0 0.0 0.0 0.0 0.0 0.0 0.0
0 0.203025 -1.382753 1.176141 -0.422818 -0.176530 -1.362795 1.278131 -0.467901 0.013166 0.016382 0.135450 -0.279147 -0.738582 0.015209 0.124791 -0.244966 -0.781267 0.0 0.0 0.0 0.0 0.0 0.0 0.0 0.0 0.0 0.0 0.0 0.0 0.0 0.0 0.0 0.0 0.0
0 0.202774 -1.383018 1.184998 -0.423807 -0.179514 -1.362321 1.285638 -0.466172 0.014637 0.013880 0.156449 -0.328995 -0.736873 0.011586 0.149629 -0.293792 -0.776656 0.0 0.0 0.0 0.0 0.0 0.0 0.0 0.0 0.0 0.0 0.0 0.0 0.0 0.0 0.0 0.0 0.0
0 0.202546 -1.382225 1.193908 -0.424839 -0.182413 -1.361392 1.292553 -0.464457 0.016125 0.011627 0.177078 -0.376654 -0.735173 0.008130 0.174344 -0.341148 -0.772128 0.0 0.0 0.0 0.0 0.0 0.0 0.0 0.0 0.0 0.0 0.0 0.0 0.0 0.0 0.0 0.0 0.0
0 0.202336 -1.380380 1.202799 -0.425961 -0.185217 -1.359945 1.298832 -0.462755 0.017638 0.009675 0.197560 -0.422243 -0.733457 0.004839 0.198978 -0.387134 -0.767738 0.0 0.0 0.0 0.0 0.0 0.0 0.0 0.0 0.0 0.0 0.0 0.0 0.0 0.0 0.0 0.0 0.0
0 0.202141 -1.377513 1.211593 -0.427213 -0.187916 -1.357915 1.304440 -0.461062 0.019181 0.008071 0.218121 -0.465924 -0.731703 0.001706 0.223581 -0.431858 -0.763537 0.0 0.0 0.0 0.0 0.0 0.0 0.0 0.0 0.0 0.0 0.0 0.0 0.0 0.0 0.0 0.0 0.0
0 0.201963 -1.373678 1.220210 -0.428633 -0.190501 -1.355243 1.309358 -0.459374 0.020758 0.006853 0.238982 -0.507885 -0.729889 -0.001280 0.248205 -0.475430 -0.759569 0.0 0.0 0.0 0.0 0.0 0.0 0.0 0.0 0.0 0.0 0.0 0.0 0.0 0.0 0.0 0.0 0.0
0 0.201807 -1.368948 1.228576 -0.430249 -0.192964 -1.351877 1.313578 -0.457689 0.022366 0.006054 0.260338 -0.548326 -0.727999 -0.004129 0.272892 -0.517948 -0.755864 0.0 0.0 0.0 0.0 0.0 0.0 0.0 0.0 0.0 0.0 0.0 0.0 0.0 0.0 0.0 0.0 0.0
0 0.201677 -1.363407 1.236621 -0.432079 -0.195301 -1.347781 1.317110 -0.456006 0.023999 0.005697 0.282353 -0.587449 -0.726020 -0.006853 0.297671 -0.559492 -0.752441 0.0 0.0 0.0 0.0 0.0 0.0 0.0 0.0 0.0 0.0 0.0 0.0 0.0 0.0 0.0 0.0 0.0
0 0.201577 -1.357156 1.244284 -0.434127 -0.197511 -1.342938 1.319973 -0.454324 0.025646 0.005798 0.305146 -0.625446 -0.723943 -0.009457 0.322553 -0.600120 -0.749300 0.0 0.0 0.0 0.0 0.0 0.0 0.0 0.0 0.0 0.0 0.0 0.0 0.0 0.0 0.0 0.0 0.0
0 0.201505 -1.350296 1.251515 -0.436388 -0.199592 -1.337353 1.322200 -0.452652 0.027288 0.006361 0.328788 -0.662488 -0.721765 -0.011940 0.347523 -0.639866 -0.746425 0.0 0.0 0.0 0.0 0.0 0.0 0.0 0.0 0.0 0.0 0.0 0.0 0.0 0.0 0.0 0.0 0.0
0 0.201451 -1.342933 1.258274 -0.438843 -0.201548 -1.331053 1.323830 -0.450996 0.028903 0.007382 0.353297 -0.698726 -0.719487 -0.014293 0.372545 -0.678738 -0.743788 0.0 0.0 0.0 0.0 0.0 0.0 0.0 0.0 0.0 0.0 0.0 0.0 0.0 0.0 0.0 0.0 0.0
0 0.201394 -1.335169 1.264527 -0.441465 -0.203383 -1.324089 1.324908 -0.449372 0.030465 0.008847 0.378639 -0.734276 -0.717114 -0.016495 0.397556 -0.716719 -0.741344 0.0 0.0 0.0 0.0 0.0 0.0 0.0 0.0 0.0 0.0 0.0 0.0 0.0 0.0 0.0 0.0 0.0
0 0.201303 -1.327096 1.270252 -0.444217 -0.205098 -1.316531 1.325480 -0.447796 0.031947 0.010729 0.404732 -0.769223 -0.714660 -0.018518 0.422475 -0.753776 -0.739045 0.0 0.0 0.0 0.0 0.0 0.0 0.0 0.0 0.0 0.0 0.0 0.0 0.0 0.0 0.0 0.0 0.0
0 0.201137 -1.318798 1.275428 -0.447054 -0.206694 -1.308467 1.325592 -0.446287 0.033320 0.012992 0.431447 -0.803617 -0.712145 -0.020324 0.447203 -0.789856 -0.736837 0.0 0.0 0.0 0.0 0.0 0.0 0.0 0.0 0.0 0.0 0.0 0.0 0.0 0.0 0.0 0.0 0.0
0 0.200845 -1.310347 1.280045 -0.449926 -0.208167 -1.299993 1.325290 -0.444866 0.034559 0.015590 0.458617 -0.837471 -0.709594 -0.021869 0.471633 -0.824893 -0.734668 0.0 0.0 0.0 0.0 0.0 0.0 0.0 0.0 0.0 0.0 0.0 0.0 0.0 0.0 0.0 0.0 0.0
0 0.200373 -1.301799 1.284094 -0.452778 -0.209509 -1.291218 1.324617 -0.443552 0.035642 0.018466 0.486045 -0.870765 -0.707047 -0.023106 0.495651 -0.858815 -0.732491 0.0 0.0 0.0 0.0 0.0 0.0 0.0 0.0 0.0 0.0 0.0 0.0 0.0 0.0 0.0 0.0 0.0
0 0.199666 -1.293196 1.287576 -0.455553 -0.210706 -1.282249 1.323616 -0.442364 0.036551 0.021557 0.513509 -0.903442 -0.704545 -0.023991 0.519147 -0.891545 -0.730266 0.0 0.0 0.0 0.0 0.0 0.0 0.0 0.0 0.0 0.0 0.0 0.0 0.0 0.0 0.0 0.0 0.0
0 0.198674 -1.284565 1.290501 -0.458191 -0.211739 -1.273197 1.322334 -0.441317 0.037272 0.024793 0.540774 -0.935419 -0.702143 -0.024485 0.542016 -0.923005 -0.727967 0.0 0.0 0.0 0.0 0.0 0.0 0.0 0.0 0.0 0.0 0.0 0.0 0.0 0.0 0.0 0.0 0.0
0 0.197355 -1.275920 1.292895 -0.460632 -0.212586 -1.264167 1.320824 -0.440422 0.037796 0.028100 0.567598 -0.966581 -0.699895 -0.024559 0.564166 -0.953123 -0.725577 0.0 0.0 0.0 0.0 0.0 0.0 0.0 0.0 0.0 0.0 0.0 0.0 0.0 0.0 0.0 0.0 0.0
0 0.195683 -1.267264 1.294795 -0.462821 -0.213220 -1.255264 1.319144 -0.439688 0.038117 0.031400 0.593743 -0.996797 -0.697860 -0.024196 0.585515 -0.981834 -0.723094 0.0 0.0 0.0 0.0 0.0 0.0 0.0 0.0 0.0 0.0 0.0 0.0 0.0 0.0 0.0 0.0 0.0
0 0.193644 -1.258590 1.296259 -0.464705 -0.213619 -1.246582 1.317368 -0.439117 0.038231 0.034617 0.618980 -1.025919 -0.696091 -0.023393 0.605996 -1.009085 -0.720531 0.0 0.0 0.0 0.0 0.0 0.0 0.0 0.0 0.0 0.0 0.0 0.0 0.0 0.0 0.0 0.0 0.0
0 0.191246 -1.249884 1.297365 -0.466240 -0.213762 -1.238212 1.315576 -0.438713 0.038137 0.037671 0.643102 -1.053792 -0.694635 -0.022161 0.625556 -1.034833 -0.717912 0.0 0.0 0.0 0.0 0.0 0.0 0.0 0.0 0.0 0.0 0.0 0.0 0.0 0.0 0.0 0.0 0.0
0 0.188511 -1.241124 1.298208 -0.467392 -0.213635 -1.230232 1.313860 -0.438475 0.037832 0.040484 0.665926 -1.080261 -0.693521 -0.020527 0.644157 -1.059053 -0.715272 0.0 0.0 0.0 0.0 0.0 0.0 0.0 0.0 0.0 0.0 0.0 0.0 0.0 0.0 0.0 0.0 0.0
0 0.185477 -1.232288 1.298899 -0.468140 -0.213236 -1.222713 1.312320 -0.438404 0.037314 0.042982 0.687300 -1.105180 -0.692762 -0.018527 0.661770 -1.081734 -0.712656 0.0 0.0 0.0 0.0 0.0 0.0 0.0 0.0 0.0 0.0 0.0 0.0 0.0 0.0 0.0 0.0 0.0
0 0.182196 -1.223348 1.299564 -0.468478 -0.212570 -1.215709 1.311056 -0.438500 0.036583 0.045090 0.707111 -1.128420 -0.692348 -0.016206 0.678378 -1.102881 -0.710114 0.0 0.0 0.0 0.0 0.0 0.0 0.0 0.0 0.0 0.0 0.0 0.0 0.0 0.0 0.0 0.0 0.0
0 0.178726 -1.214275 1.300334 -0.468418 -0.211658 -1.209262 1.310164 -0.438765 0.035633 0.046738 0.725283 -1.149873 -0.692244 -0.013616 0.693975 -1.122514 -0.707698 0.0 0.0 0.0 0.0 0.0 0.0 0.0 0.0 0.0 0.0 0.0 0.0 0.0 0.0 0.0 0.0 0.0
0 0.175131 -1.205042 1.301345 -0.467987 -0.210529 -1.203396 1.309729 -0.439204 0.034463 0.047858 0.741781 -1.169461 -0.692395 -0.010810 0.708564 -1.140668 -0.705459 0.0 0.0 0.0 0.0 0.0 0.0 0.0 0.0 0.0 0.0 0.0 0.0 0.0 0.0 0.0 0.0 0.0
0 0.171475 -1.195621 1.302725 -0.467229 -0.209226 -1.198114 1.309816 -0.439822 0.033069 0.048392 0.756611 -1.187139 -0.692722 -0.007842 0.722153 -1.157391 -0.703443 0.0 0.0 0.0 0.0 0.0 0.0 0.0 0.0 0.0 0.0 0.0 0.0 0.0 0.0 0.0 0.0 0.0
0 0.167814 -1.185985 1.304596 -0.466202 -0.207793 -1.193402 1.310469 -0.440621 0.031446 0.048287 0.769815 -1.202896 -0.693135 -0.004765 0.734759 -1.172746 -0.701684 0.0 0.0 0.0 0.0 0.0 0.0 0.0 0.0 0.0 0.0 0.0 0.0 0.0 0.0 0.0 0.0 0.0
0 0.164199 -1.176110 1.307058 -0.464976 -0.206282 -1.189230 1.311701 -0.441606 0.029594 0.047504 0.781471 -1.216758 -0.693534 -0.001627 0.746402 -1.186801 -0.700202 0.0 0.0 0.0 0.0 0.0 0.0 0.0 0.0 0.0 0.0 0.0 0.0 0.0 0.0 0.0 0.0 0.0
0 0.160668 -1.165974 1.310195 -0.463628 -0.204741 -1.185549 1.313496 -0.442775 0.027509 0.046021 0.791682 -1.228784 -0.693825 0.001529 0.757107 -1.199639 -0.699005 0.0 0.0 0.0 0.0 0.0 0.0 0.0 0.0 0.0 0.0 0.0 0.0 0.0 0.0 0.0 0.0 0.0
0 0.157246 -1.155558 1.314060 -0.462241 -0.203214 -1.182300 1.315806 -0.444122 0.025192 0.043832 0.800575 -1.239067 -0.693923 0.004661 0.766897 -1.211347 -0.698080 0.0 0.0 0.0 0.0 0.0 0.0 0.0 0.0 0.0 0.0 0.0 0.0 0.0 0.0 0.0 0.0 0.0
0 0.153946 -1.144848 1.318679 -0.460896 -0.201738 -1.179418 1.318555 -0.445634 0.022646 0.040957 0.808289 -1.247729 -0.693761 0.007735 0.775793 -1.222018 -0.697403 0.0 0.0 0.0 0.0 0.0 0.0 0.0 0.0 0.0 0.0 0.0 0.0 0.0 0.0 0.0 0.0 0.0
0 0.150767 -1.133830 1.324047 -0.459673 -0.200338 -1.176833 1.321644 -0.447291 0.019877 0.037440 0.814971 -1.254914 -0.693300 0.010719 0.783815 -1.231750 -0.696937 0.0 0.0 0.0 0.0 0.0 0.0 0.0 0.0 0.0 0.0 0.0 0.0 0.0 0.0 0.0 0.0 0.0
0 0.147696 -1.122497 1.330129 -0.458646 -0.199029 -1.174479 1.324954 -0.449066 0.016896 0.033353 0.820767 -1.260787 -0.692533 0.013584 0.790974 -1.240640 -0.696637 0.0 0.0 0.0 0.0 0.0 0.0 0.0 0.0 0.0 0.0 0.0 0.0 0.0 0.0 0.0 0.0 0.0
0 0.144712 -1.110840 1.336857 -0.457883 -0.197811 -1.172296 1.328355 -0.450928 0.013721 0.028794 0.825814 -1.265524 -0.691479 0.016307 0.797278 -1.248787 -0.696458 0.0 0.0 0.0 0.0 0.0 0.0 0.0 0.0 0.0 0.0 0.0 0.0 0.0 0.0 0.0 0.0 0.0
0 0.141788 -1.098858 1.344140 -0.457439 -0.196676 -1.170235 1.331715 -0.452837 0.010380 0.023885 0.830235 -1.269306 -0.690190 0.018867 0.802731 -1.256283 -0.696361 0.0 0.0 0.0 0.0 0.0 0.0 0.0 0.0 0.0 0.0 0.0 0.0 0.0 0.0 0.0 0.0 0.0
0 0.138889 -1.086550 1.351864 -0.457360 -0.195607 -1.168255 1.334905 -0.454752 0.006908 0.018768 0.834136 -1.272313 -0.688739 0.021247 0.807331 -1.263213 -0.696314 0.0 0.0 0.0 0.0 0.0 0.0 0.0 0.0 0.0 0.0 0.0 0.0 0.0 0.0 0.0 0.0 0.0
0 0.135984 -1.073919 1.359897 -0.457680 -0.194580 -1.166330 1.337811 -0.456634 0.003355 0.013597 0.837602 -1.274718 -0.687214 0.023439 0.811080 -1.269651 -0.696304 0.0 0.0 0.0 0.0 0.0 0.0 0.0 0.0 0.0 0.0 0.0 0.0 0.0 0.0 0.0 0.0 0.0
0 0.133039 -1.060974 1.368097 -0.458418 -0.193568 -1.164441 1.340334 -0.458443 -0.000222 0.008528 0.840695 -1.276678 -0.685711 0.025440 0.813979 -1.275661 -0.696330 0.0 0.0 0.0 0.0 0.0 0.0 0.0 0.0 0.0 0.0 0.0 0.0 0.0 0.0 0.0 0.0 0.0
0 0.130022 -1.047729 1.376317 -0.459583 -0.192547 -1.162579 1.342401 -0.460144 -0.003750 0.003715 0.843460 -1.278332 -0.684322 0.027252 0.816040 -1.281286 -0.696409 0.0 0.0 0.0 0.0 0.0 0.0 0.0 0.0 0.0 0.0 0.0 0.0 0.0 0.0 0.0 0.0 0.0
0 0.126907 -1.034207 1.384412 -0.461168 -0.191497 -1.160742 1.343963 -0.461709 -0.007149 -0.000706 0.845919 -1.279794 -0.683130 0.028890 0.817282 -1.286556 -0.696573 0.0 0.0 0.0 0.0 0.0 0.0 0.0 0.0 0.0 0.0 0.0 0.0 0.0 0.0 0.0 0.0 0.0
0 0.123669 -1.020438 1.392242 -0.463154 -0.190402 -1.158930 1.345001 -0.463117 -0.010333 -0.004621 0.848086 -1.281154 -0.682199 0.030374 0.817736 -1.291483 -0.696860 0.0 0.0 0.0 0.0 0.0 0.0 0.0 0.0 0.0 0.0 0.0 0.0 0.0 0.0 0.0 0.0 0.0
0 0.120287 -1.006462 1.399677 -0.465511 -0.189258 -1.157147 1.345519 -0.464357 -0.013212 -0.007947 0.849962 -1.282470 -0.681574 0.031734 0.817449 -1.296060 -0.697310 0.0 0.0 0.0 0.0 0.0 0.0 0.0 0.0 0.0 0.0 0.0 0.0 0.0 0.0 0.0 0.0 0.0
0 0.116744 -0.992330 1.406598 -0.468199 -0.188067 -1.155397 1.345548 -0.465423 -0.015697 -0.010639 0.851546 -1.283777 -0.681278 0.033009 0.816480 -1.300268 -0.697963 0.0 0.0 0.0 0.0 0.0 0.0 0.0 0.0 0.0 0.0 0.0 0.0 0.0 0.0 0.0 0.0 0.0
0 0.113025 -0.978102 1.412902 -0.471168 -0.186842 -1.153682 1.345135 -0.466319 -0.017708 -0.012687 0.852834 -1.285082 -0.681314 0.034248 0.814903 -1.304073 -0.698843 0.0 0.0 0.0 0.0 0.0 0.0 0.0 0.0 0.0 0.0 0.0 0.0 0.0 0.0 0.0 0.0 0.0
0 0.109121 -0.963846 1.418501 -0.474367 -0.185600 -1.152005 1.344343 -0.467053 -0.019176 -0.014121 0.853830 -1.286373 -0.681667 0.035502 0.812804 -1.307432 -0.699964 0.0 0.0 0.0 0.0 0.0 0.0 0.0 0.0 0.0 0.0 0.0 0.0 0.0 0.0 0.0 0.0 0.0
0 0.105024 -0.949636 1.423323 -0.477737 -0.184361 -1.150366 1.343242 -0.467638 -0.020046 -0.015002 0.854538 -1.287618 -0.682311 0.036832 0.810280 -1.310296 -0.701319 0.0 0.0 0.0 0.0 0.0 0.0 0.0 0.0 0.0 0.0 0.0 0.0 0.0 0.0 0.0 0.0 0.0
0 0.100732 -0.935550 1.427310 -0.481223 -0.183147 -1.148763 1.341906 -0.468092 -0.020285 -0.015421 0.854971 -1.288777 -0.683216 0.038300 0.807437 -1.312619 -0.702880 0.0 0.0 0.0 0.0 0.0 0.0 0.0 0.0 0.0 0.0 0.0 0.0 0.0 0.0 0.0 0.0 0.0
0 0.096248 -0.921667 1.430419 -0.484772 -0.181974 -1.147193 1.340406 -0.468433 -0.019880 -0.015486 0.855148 -1.289804 -0.684345 0.039968 0.804383 -1.314354 -0.704604 0.0 0.0 0.0 0.0 0.0 0.0 0.0 0.0 0.0 0.0 0.0 0.0 0.0 0.0 0.0 0.0 0.0
0 0.091581 -0.908062 1.432623 -0.488335 -0.180851 -1.145650 1.338810 -0.468681 -0.018843 -0.015317 0.855090 -1.290651 -0.685670 0.041893 0.801231 -1.315467 -0.706430 0.0 0.0 0.0 0.0 0.0 0.0 0.0 0.0 0.0 0.0 0.0 0.0 0.0 0.0 0.0 0.0 0.0
0 0.086743 -0.894806 1.433907 -0.491868 -0.179780 -1.144123 1.337173 -0.468857 -0.017208 -0.015032 0.854819 -1.291275 -0.687163 0.044126 0.798090 -1.315935 -0.708284 0.0 0.0 0.0 0.0 0.0 0.0 0.0 0.0 0.0 0.0 0.0 0.0 0.0 0.0 0.0 0.0 0.0
0 0.081755 -0.881964 1.434271 -0.495337 -0.178748 -1.142596 1.335546 -0.468980 -0.015030 -0.014737 0.854357 -1.291642 -0.688806 0.046706 0.795061 -1.315749 -0.710091 0.0 0.0 0.0 0.0 0.0 0.0 0.0 0.0 0.0 0.0 0.0 0.0 0.0 0.0 0.0 0.0 0.0
0 0.076641 -0.869593 1.433728 -0.498712 -0.177733 -1.141046 1.333968 -0.469072 -0.012386 -0.014521 0.853724 -1.291726 -0.690584 0.049655 0.792238 -1.314924 -0.711769 0.0 0.0 0.0 0.0 0.0 0.0 0.0 0.0 0.0 0.0 0.0 0.0 0.0 0.0 0.0 0.0 0.0
0 0.071431 -0.857740 1.432304 -0.501973 -0.176699 -1.139443 1.332470 -0.469157 -0.009366 -0.014442 0.852937 -1.291513 -0.692491 0.052978 0.789702 -1.313489 -0.713245 0.0 0.0 0.0 0.0 0.0 0.0 0.0 0.0 0.0 0.0 0.0 0.0 0.0 0.0 0.0 0.0 0.0
0 0.066159 -0.846447 1.430040 -0.505107 -0.175604 -1.137745 1.331076 -0.469257 -0.006071 -0.014527 0.852010 -1.291002 -0.694520 0.056661 0.787517 -1.311498 -0.714454 0.0 0.0 0.0 0.0 0.0 0.0 0.0 0.0 0.0 0.0 0.0 0.0 0.0 0.0 0.0 0.0 0.0
0 0.060862 -0.835751 1.426988 -0.508108 -0.174398 -1.135905 1.329808 -0.469400 -0.002609 -0.014767 0.850955 -1.290199 -0.696666 0.060669 0.785731 -1.309021 -0.715343 0.0 0.0 0.0 0.0 0.0 0.0 0.0 0.0 0.0 0.0 0.0 0.0 0.0 0.0 0.0 0.0 0.0
0 0.055578 -0.825683 1.423215 -0.510975 -0.173028 -1.133862 1.328687 -0.469617 0.000911 -0.015117 0.849784 -1.289124 -0.698922 0.064946 0.784374 -1.306146 -0.715874 0.0 0.0 0.0 0.0 0.0 0.0 0.0 0.0 0.0 0.0 0.0 0.0 0.0 0.0 0.0 0.0 0.0
0 0.050349 -0.816275 1.418800 -0.513715 -0.171439 -1.131551 1.327733 -0.469939 0.004385 -0.015503 0.848511 -1.287805 -0.701278 0.069422 0.783458 -1.302972 -0.716026 0.0 0.0 0.0 0.0 0.0 0.0 0.0 0.0 0.0 0.0 0.0 0.0 0.0 0.0 0.0 0.0 0.0
0 0.045213 -0.807558 1.413832 -0.516337 -0.169585 -1.128897 1.326972 -0.470402 0.007717 -0.015825 0.847156 -1.286276 -0.703722 0.074009 0.782980 -1.299608 -0.715796 0.0 0.0 0.0 0.0 0.0 0.0 0.0 0.0 0.0 0.0 0.0 0.0 0.0 0.0 0.0 0.0 0.0
0 0.040212 -0.799562 1.408412 -0.518854 -0.167425 -1.125825 1.326434 -0.471042 0.010824 -0.015968 0.845741 -1.284579 -0.706235 0.078611 0.782925 -1.296168 -0.715194 0.0 0.0 0.0 0.0 0.0 0.0 0.0 0.0 0.0 0.0 0.0 0.0 0.0 0.0 0.0 0.0 0.0
0 0.035382 -0.792320 1.402648 -0.521281 -0.164931 -1.122256 1.326154 -0.471894 0.013636 -0.015811 0.844296 -1.282761 -0.708799 0.083126 0.783265 -1.292764 -0.714247 0.0 0.0 0.0 0.0 0.0 0.0 0.0 0.0 0.0 0.0 0.0 0.0 0.0 0.0 0.0 0.0 0.0
0 0.030758 -0.785862 1.396654 -0.523634 -0.162089 -1.118114 1.326170 -0.472988 0.016100 -0.015236 0.842858 -1.280873 -0.711392 0.087449 0.783964 -1.289500 -0.712996 0.0 0.0 0.0 0.0 0.0 0.0 0.0 0.0 0.0 0.0 0.0 0.0 0.0 0.0 0.0 0.0 0.0
0 0.026368 -0.780213 1.390547 -0.525930 -0.158902 -1.113328 1.326522 -0.474348 0.018181 -0.014141 0.841468 -1.278968 -0.713997 0.091478 0.784981 -1.286476 -0.711493 0.0 0.0 0.0 0.0 0.0 0.0 0.0 0.0 0.0 0.0 0.0 0.0 0.0 0.0 0.0 0.0 0.0
0 0.022237 -0.775393 1.384443 -0.528185 -0.155390 -1.107839 1.327247 -0.475986 0.019857 -0.012447 0.840173 -1.277101 -0.716596 0.095117 0.786273 -1.283773 -0.709801 0.0 0.0 0.0 0.0 0.0 0.0 0.0 0.0 0.0 0.0 0.0 0.0 0.0 0.0 0.0 0.0 0.0
0 0.018380 -0.771410 1.378456 -0.530415 -0.151590 -1.101599 1.328377 -0.477906 0.021121 -0.010100 0.839023 -1.275329 -0.719175 0.098282 0.787795 -1.281460 -0.707988 0.0 0.0 0.0 0.0 0.0 0.0 0.0 0.0 0.0 0.0 0.0 0.0 0.0 0.0 0.0 0.0 0.0
0 0.014807 -0.768257 1.372693 -0.532636 -0.147552 -1.094578 1.329934 -0.480093 0.021981 -0.007079 0.838070 -1.273704 -0.721727 0.100902 0.789503 -1.279589 -0.706132 0.0 0.0 0.0 0.0 0.0 0.0 0.0 0.0 0.0 0.0 0.0 0.0 0.0 0.0 0.0 0.0 0.0
0 0.011516 -0.765911 1.367251 -0.534863 -0.143336 -1.086769 1.331928 -0.482523 0.022453 -0.003397 0.837364 -1.272275 -0.724244 0.102921 0.791352 -1.278193 -0.704311 0.0 0.0 0.0 0.0 0.0 0.0 0.0 0.0 0.0 0.0 0.0 0.0 0.0 0.0 0.0 0.0 0.0
0 0.008500 -0.764332 1.362219 -0.537114 -0.139005 -1.078182 1.334354 -0.485156 0.022563 0.000907 0.836954 -1.271087 -0.726723 0.104307 0.793302 -1.277289 -0.702603 0.0 0.0 0.0 0.0 0.0 0.0 0.0 0.0 0.0 0.0 0.0 0.0 0.0 0.0 0.0 0.0 0.0
0 0.005740 -0.763460 1.357668 -0.539407 -0.134620 -1.068856 1.337188 -0.487944 0.022343 0.005763 0.836881 -1.270175 -0.729160 0.105043 0.795310 -1.276875 -0.701083 0.0 0.0 0.0 0.0 0.0 0.0 0.0 0.0 0.0 0.0 0.0 0.0 0.0 0.0 0.0 0.0 0.0
0 0.003212 -0.763216 1.353658 -0.541758 -0.130232 -1.058848 1.340395 -0.490833 0.021827 0.011083 0.837179 -1.269564 -0.731546 0.105138 0.797336 -1.276934 -0.699817 0.0 0.0 0.0 0.0 0.0 0.0 0.0 0.0 0.0 0.0 0.0 0.0 0.0 0.0 0.0 0.0 0.0
0 0.000883 -0.763505 1.350232 -0.544188 -0.125876 -1.048239 1.343922 -0.493766 0.021054 0.016762 0.837869 -1.269266 -0.733871 0.104619 0.799341 -1.277432 -0.698857 0.0 0.0 0.0 0.0 0.0 0.0 0.0 0.0 0.0 0.0 0.0 0.0 0.0 0.0 0.0 0.0 0.0
0 -0.001283 -0.764221 1.347415 -0.546712 -0.121569 -1.037125 1.347704 -0.496689 0.020061 0.022681 0.838956 -1.269282 -0.736117 0.103532 0.801286 -1.278323 -0.698242 0.0 0.0 0.0 0.0 0.0 0.0 0.0 0.0 0.0 0.0 0.0 0.0 0.0 0.0 0.0 0.0 0.0
0 -0.003325 -0.765246 1.345217 -0.549345 -0.117305 -1.025613 1.351669 -0.499556 0.018888 0.028720 0.840429 -1.269595 -0.738262 0.101939 0.803134 -1.279547 -0.697990 0.0 0.0 0.0 0.0 0.0 0.0 0.0 0.0 0.0 0.0 0.0 0.0 0.0 0.0 0.0 0.0 0.0
0 -0.005281 -0.766460 1.343626 -0.552096 -0.113057 -1.013812 1.355740 -0.502331 0.017570 0.034755 0.842255 -1.270179 -0.740277 0.099914 0.804847 -1.281036 -0.698101 0.0 0.0 0.0 0.0 0.0 0.0 0.0 0.0 0.0 0.0 0.0 0.0 0.0 0.0 0.0 0.0 0.0
0 -0.007190 -0.767740 1.342616 -0.554965 -0.108777 -1.001829 1.359838 -0.504994 0.016141 0.040664 0.844381 -1.270990 -0.742131 0.097539 0.806393 -1.282710 -0.698553 0.0 0.0 0.0 0.0 0.0 0.0 0.0 0.0 0.0 0.0 0.0 0.0 0.0 0.0 0.0 0.0 0.0
0 -0.009083 -0.768973 1.342140 -0.557948 -0.104407 -0.989757 1.363885 -0.507539 0.014636 0.046330 0.846735 -1.271975 -0.743794 0.094899 0.807741 -1.284485 -0.699308 0.0 0.0 0.0 0.0 0.0 0.0 0.0 0.0 0.0 0.0 0.0 0.0 0.0 0.0 0.0 0.0 0.0
0 -0.010985 -0.770053 1.342139 -0.561029 -0.099879 -0.977671 1.367808 -0.509975 0.013087 0.051639 0.849229 -1.273071 -0.745240 0.092079 0.808866 -1.286276 -0.700309 0.0 0.0 0.0 0.0 0.0 0.0 0.0 0.0 0.0 0.0 0.0 0.0 0.0 0.0 0.0 0.0 0.0
0 -0.012915 -0.770890 1.342538 -0.564183 -0.095130 -0.965623 1.371542 -0.512329 0.011528 0.056488 0.851758 -1.274210 -0.746450 0.089160 0.809746 -1.287996 -0.701491 0.0 0.0 0.0 0.0 0.0 0.0 0.0 0.0 0.0 0.0 0.0 0.0 0.0 0.0 0.0 0.0 0.0
0 -0.014880 -0.771415 1.343253 -0.567380 -0.090105 -0.953638 1.375025 -0.514640 0.009994 0.060780 0.854212 -1.275319 -0.747415 0.086215 0.810367 -1.289562 -0.702783 0.0 0.0 0.0 0.0 0.0 0.0 0.0 0.0 0.0 0.0 0.0 0.0 0.0 0.0 0.0 0.0 0.0
0 -0.016881 -0.771576 1.344194 -0.570580 -0.084762 -0.941718 1.378204 -0.516958 0.008519 0.064427 0.856476 -1.276324 -0.748139 0.083311 0.810724 -1.290899 -0.704113 0.0 0.0 0.0 0.0 0.0 0.0 0.0 0.0 0.0 0.0 0.0 0.0 0.0 0.0 0.0 0.0 0.0
0 -0.018906 -0.771344 1.345269 -0.573740 -0.079084 -0.929840 1.381032 -0.519341 0.007142 0.067352 0.858438 -1.277156 -0.748638 0.080503 0.810818 -1.291940 -0.705413 0.0 0.0 0.0 0.0 0.0 0.0 0.0 0.0 0.0 0.0 0.0 0.0 0.0 0.0 0.0 0.0 0.0
0 -0.020940 -0.770708 1.346392 -0.576814 -0.073075 -0.917972 1.383466 -0.521852 0.005901 0.069491 0.859992 -1.277748 -0.748938 0.077838 0.810660 -1.292630 -0.706625 0.0 0.0 0.0 0.0 0.0 0.0 0.0 0.0 0.0 0.0 0.0 0.0 0.0 0.0 0.0 0.0 0.0
0 -0.022957 -0.769676 1.347480 -0.579755 -0.066761 -0.906070 1.385468 -0.524553 0.004832 0.070797 0.861042 -1.278040 -0.749078 0.075356 0.810268 -1.292927 -0.707705 0.0 0.0 0.0 0.0 0.0 0.0 0.0 0.0 0.0 0.0 0.0 0.0 0.0 0.0 0.0 0.0 0.0
0 -0.024929 -0.768272 1.348466 -0.582520 -0.060190 -0.894094 1.387000 -0.527501 0.003971 0.071240 0.861505 -1.277977 -0.749100 0.073084 0.809668 -1.292799 -0.708623 0.0 0.0 0.0 0.0 0.0 0.0 0.0 0.0 0.0 0.0 0.0 0.0 0.0 0.0 0.0 0.0 0.0
0 -0.026821 -0.766526 1.349288 -0.585069 -0.053428 -0.882017 1.388028 -0.530749 0.003348 0.070816 0.861312 -1.277514 -0.749054 0.071044 0.808893 -1.292224 -0.709367 0.0 0.0 0.0 0.0 0.0 0.0 0.0 0.0 0.0 0.0 0.0 0.0 0.0 0.0 0.0 0.0 0.0
0 -0.028599 -0.764479 1.349899 -0.587371 -0.046550 -0.869825 1.388518 -0.534334 0.002990 0.069544 0.860408 -1.276610 -0.748988 0.069252 0.807976 -1.291193 -0.709943 0.0 0.0 0.0 0.0 0.0 0.0 0.0 0.0 0.0 0.0 0.0 0.0 0.0 0.0 0.0 0.0 0.0
0 -0.030224 -0.762169 1.350260 -0.589403 -0.039640 -0.857525 1.388437 -0.538284 0.002915 0.067473 0.858752 -1.275231 -0.748950 0.067716 0.806952 -1.289697 -0.710370 0.0 0.0 0.0 0.0 0.0 0.0 0.0 0.0 0.0 0.0 0.0 0.0 0.0 0.0 0.0 0.0 0.0
0 -0.031661 -0.759636 1.350339 -0.591155 -0.032779 -0.845146 1.387754 -0.542606 0.003133 0.064681 0.856315 -1.273347 -0.748986 0.066437 0.805851 -1.287735 -0.710682 0.0 0.0 0.0 0.0 0.0 0.0 0.0 0.0 0.0 0.0 0.0 0.0 0.0 0.0 0.0 0.0 0.0
0 -0.032873 -0.756913 1.350103 -0.592628 -0.026047 -0.832732 1.386441 -0.547293 0.003645 0.061276 0.853079 -1.270931 -0.749136 0.065413 0.804692 -1.285302 -0.710924 0.0 0.0 0.0 0.0 0.0 0.0 0.0 0.0 0.0 0.0 0.0 0.0 0.0 0.0 0.0 0.0 0.0
0 -0.033827 -0.754028 1.349519 -0.593834 -0.019517 -0.820342 1.384474 -0.552317 0.004443 0.057390 0.849041 -1.267958 -0.749437 0.064636 0.803484 -1.282396 -0.711145 0.0 0.0 0.0 0.0 0.0 0.0 0.0 0.0 0.0 0.0 0.0 0.0 0.0 0.0 0.0 0.0 0.0
0 -0.034495 -0.750999 1.348550 -0.594803 -0.013251 -0.808039 1.381834 -0.557633 0.005507 0.053175 0.844202 -1.264401 -0.749917 0.064092 0.802220 -1.279008 -0.711399 0.0 0.0 0.0 0.0 0.0 0.0 0.0 0.0 0.0 0.0 0.0 0.0 0.0 0.0 0.0 0.0 0.0
0 -0.034857 -0.747834 1.347147 -0.595569 -0.007302 -0.795885 1.378507 -0.563178 0.006809 0.048794 0.838578 -1.260233 -0.750598 0.063764 0.800875 -1.275126 -0.711735 0.0 0.0 0.0 0.0 0.0 0.0 0.0 0.0 0.0 0.0 0.0 0.0 0.0 0.0 0.0 0.0 0.0
0 -0.034899 -0.744534 1.345256 -0.596179 -0.001715 -0.783935 1.374483 -0.568877 0.008308 0.044414 0.832193 -1.255423 -0.751497 0.063634 0.799405 -1.270732 -0.712198 0.0 0.0 0.0 0.0 0.0 0.0 0.0 0.0 0.0 0.0 0.0 0.0 0.0 0.0 0.0 0.0 0.0
0 -0.034618 -0.741087 1.342815 -0.596685 0.003475 -0.772232 1.369759 -0.574642 0.009958 0.040196 0.825077 -1.249939 -0.752616 0.063680 0.797748 -1.265807 -0.712823 0.0 0.0 0.0 0.0 0.0 0.0 0.0 0.0 0.0 0.0 0.0 0.0 0.0 0.0 0.0 0.0 0.0
0 -0.034023 -0.737475 1.339755 -0.597138 0.008237 -0.760809 1.364336 -0.580380 0.011702 0.036280 0.817273 -1.243742 -0.753952 0.063881 0.795829 -1.260326 -0.713631 0.0 0.0 0.0 0.0 0.0 0.0 0.0 0.0 0.0 0.0 0.0 0.0 0.0 0.0 0.0 0.0 0.0
0 -0.033134 -0.733669 1.336007 -0.597589 0.012550 -0.749684 1.358222 -0.585993 0.013483 0.032784 0.808829 -1.236796 -0.755484 0.064218 0.793558 -1.254264 -0.714631 0.0 0.0 0.0 0.0 0.0 0.0 0.0 0.0 0.0 0.0 0.0 0.0 0.0 0.0 0.0 0.0 0.0
0 -0.031987 -0.729636 1.331503 -0.598083 0.016392 -0.738868 1.351428 -0.591387 0.015244 0.029789 0.799801 -1.229061 -0.757182 0.064674 0.790843 -1.247595 -0.715814 0.0 0.0 0.0 0.0 0.0 0.0 0.0 0.0 0.0 0.0 0.0 0.0 0.0 0.0 0.0 0.0 0.0
0 -0.030625 -0.725337 1.326185 -0.598653 0.019751 -0.728362 1.343971 -0.596477 0.016929 0.027345 0.790246 -1.220503 -0.759000 0.065234 0.787587 -1.240291 -0.717158 0.0 0.0 0.0 0.0 0.0 0.0 0.0 0.0 0.0 0.0 0.0 0.0 0.0 0.0 0.0 0.0 0.0
0 -0.029107 -0.720730 1.320005 -0.599326 0.022613 -0.718168 1.335874 -0.601186 0.018495 0.025462 0.780230 -1.211093 -0.760882 0.065886 0.783703 -1.232328 -0.718626 0.0 0.0 0.0 0.0 0.0 0.0 0.0 0.0 0.0 0.0 0.0 0.0 0.0 0.0 0.0 0.0 0.0
0 -0.027498 -0.715774 1.312932 -0.600111 0.024972 -0.708284 1.327169 -0.605453 0.019908 0.024117 0.769816 -1.200813 -0.762758 0.066621 0.779113 -1.223686 -0.720169 0.0 0.0 0.0 0.0 0.0 0.0 0.0 0.0 0.0 0.0 0.0 0.0 0.0 0.0 0.0 0.0 0.0
0 -0.025871 -0.710430 1.304951 -0.601010 0.026826 -0.698712 1.317894 -0.609234 0.021151 0.023261 0.759068 -1.189656 -0.764555 0.067429 0.773756 -1.214348 -0.721730 0.0 0.0 0.0 0.0 0.0 0.0 0.0 0.0 0.0 0.0 0.0 0.0 0.0 0.0 0.0 0.0 0.0
0 -0.024302 -0.704662 1.296065 -0.602012 0.028176 -0.689451 1.308096 -0.612506 0.022221 0.022822 0.748047 -1.177633 -0.766191 0.068300 0.767592 -1.204302 -0.723248 0.0 0.0 0.0 0.0 0.0 0.0 0.0 0.0 0.0 0.0 0.0 0.0 0.0 0.0 0.0 0.0 0.0
0 -0.022869 -0.698443 1.286293 -0.603098 0.029028 -0.680502 1.297829 -0.615262 0.023131 0.022720 0.736810 -1.164773 -0.767588 0.069225 0.760604 -1.193545 -0.724660 0.0 0.0 0.0 0.0 0.0 0.0 0.0 0.0 0.0 0.0 0.0 0.0 0.0 0.0 0.0 0.0 0.0
0 -0.021644 -0.691750 1.275669 -0.604244 0.029390 -0.671861 1.287153 -0.617515 0.023910 0.022871 0.725408 -1.151121 -0.768672 0.070187 0.752799 -1.182082 -0.725912 0.0 0.0 0.0 0.0 0.0 0.0 0.0 0.0 0.0 0.0 0.0 0.0 0.0 0.0 0.0 0.0 0.0
0 -0.020693 -0.684568 1.264239 -0.605424 0.029274 -0.663518 1.276128 -0.619295 0.024595 0.023195 0.713890 -1.136741 -0.769376 0.071170 0.744209 -1.169929 -0.726956 0.0 0.0 0.0 0.0 0.0 0.0 0.0 0.0 0.0 0.0 0.0 0.0 0.0 0.0 0.0 0.0 0.0
0 -0.020070 -0.676887 1.252053 -0.606611 0.028693 -0.655459 1.264815 -0.620648 0.025231 0.023626 0.702293 -1.121712 -0.769647 0.072152 0.734889 -1.157107 -0.727758 0.0 0.0 0.0 0.0 0.0 0.0 0.0 0.0 0.0 0.0 0.0 0.0 0.0 0.0 0.0 0.0 0.0
0 -0.019811 -0.668706 1.239168 -0.607781 0.027659 -0.647660 1.253268 -0.621630 0.025864 0.024109 0.690655 -1.106124 -0.769445 0.073109 0.724913 -1.143649 -0.728303 0.0 0.0 0.0 0.0 0.0 0.0 0.0 0.0 0.0 0.0 0.0 0.0 0.0 0.0 0.0 0.0 0.0
0 -0.019933 -0.660028 1.225641 -0.608913 0.026186 -0.640091 1.241530 -0.622308 0.026537 0.024604 0.679004 -1.090074 -0.768746 0.074016 0.714368 -1.129594 -0.728592 0.0 0.0 0.0 0.0 0.0 0.0 0.0 0.0 0.0 0.0 0.0 0.0 0.0 0.0 0.0 0.0 0.0
0 -0.020430 -0.650858 1.211530 -0.609991 0.024286 -0.632717 1.229634 -0.622755 0.027286 0.025083 0.667369 -1.073664 -0.767545 0.074845 0.703353 -1.114987 -0.728644 0.0 0.0 0.0 0.0 0.0 0.0 0.0 0.0 0.0 0.0 0.0 0.0 0.0 0.0 0.0 0.0 0.0
0 -0.021271 -0.641205 1.196891 -0.610998 0.021972 -0.625499 1.217597 -0.623050 0.028137 0.025526 0.655774 -1.056993 -0.765854 0.075574 0.691975 -1.099874 -0.728498 0.0 0.0 0.0 0.0 0.0 0.0 0.0 0.0 0.0 0.0 0.0 0.0 0.0 0.0 0.0 0.0 0.0
0 -0.022403 -0.631082 1.181785 -0.611923 0.019262 -0.618398 1.205420 -0.623268 0.029099 0.025919 0.644247 -1.040157 -0.763704 0.076180 0.680335 -1.084303 -0.728203 0.0 0.0 0.0 0.0 0.0 0.0 0.0 0.0 0.0 0.0 0.0 0.0 0.0 0.0 0.0 0.0 0.0
0 -0.023748 -0.620502 1.166271 -0.612752 0.016175 -0.611374 1.193095 -0.623484 0.030167 0.026245 0.632814 -1.023240 -0.761144 0.076646 0.668534 -1.068321 -0.727823 0.0 0.0 0.0 0.0 0.0 0.0 0.0 0.0 0.0 0.0 0.0 0.0 0.0 0.0 0.0 0.0 0.0
0 -0.025215 -0.609484 1.150417 -0.613473 0.012739 -0.604388 1.180599 -0.623767 0.031319 0.026488 0.621507 -1.006317 -0.758242 0.076960 0.656661 -1.051967 -0.727426 0.0 0.0 0.0 0.0 0.0 0.0 0.0 0.0 0.0 0.0 0.0 0.0 0.0 0.0 0.0 0.0 0.0
0 -0.026701 -0.598049 1.134293 -0.614070 0.008990 -0.597402 1.167905 -0.624174 0.032516 0.026623 0.610362 -0.989448 -0.755082 0.077117 0.644796 -1.035277 -0.727082 0.0 0.0 0.0 0.0 0.0 0.0 0.0 0.0 0.0 0.0 0.0 0.0 0.0 0.0 0.0 0.0 0.0
0 -0.028102 -0.586223 1.117976 -0.614531 0.004974 -0.590376 1.154985 -0.624752 0.033705 0.026623 0.599417 -0.972677 -0.751763 0.077119 0.633000 -1.018282 -0.726859 0.0 0.0 0.0 0.0 0.0 0.0 0.0 0.0 0.0 0.0 0.0 0.0 0.0 0.0 0.0 0.0 0.0
0 -0.029318 -0.574036 1.101546 -0.614842 0.000746 -0.583267 1.141809 -0.625530 0.034823 0.026459 0.588718 -0.956034 -0.748397 0.076976 0.621322 -1.001002 -0.726819 0.0 0.0 0.0 0.0 0.0 0.0 0.0 0.0 0.0 0.0 0.0 0.0 0.0 0.0 0.0 0.0 0.0
0 -0.030266 -0.561529 1.085086 -0.614991 -0.003627 -0.576030 1.128354 -0.626523 0.035801 0.026099 0.578309 -0.939530 -0.745102 0.076706 0.609794 -0.983454 -0.727012 0.0 0.0 0.0 0.0 0.0 0.0 0.0 0.0 0.0 0.0 0.0 0.0 0.0 0.0 0.0 0.0 0.0
0 -0.030883 -0.548746 1.068677 -0.614971 -0.008071 -0.568609 1.114602 -0.627722 0.036571 0.025518 0.568237 -0.923161 -0.742001 0.076331 0.598431 -0.965648 -0.727478 0.0 0.0 0.0 0.0 0.0 0.0 0.0 0.0 0.0 0.0 0.0 0.0 0.0 0.0 0.0 0.0 0.0
0 -0.031135 -0.535737 1.052393 -0.614778 -0.012508 -0.560947 1.100543 -0.629102 0.037070 0.024696 0.558541 -0.906910 -0.739213 0.075884 0.587238 -0.947590 -0.728244 0.0 0.0 0.0 0.0 0.0 0.0 0.0 0.0 0.0 0.0 0.0 0.0 0.0 0.0 0.0 0.0 0.0
0 -0.031015 -0.522561 1.036299 -0.614417 -0.016855 -0.552977 1.086170 -0.630616 0.037248 0.023624 0.549254 -0.890742 -0.736849 0.075397 0.576206 -0.929284 -0.729323 0.0 0.0 0.0 0.0 0.0 0.0 0.0 0.0 0.0 0.0 0.0 0.0 0.0 0.0 0.0 0.0 0.0
0 -0.030545 -0.509277 1.020448 -0.613896 -0.021031 -0.544630 1.071481 -0.632201 0.037071 0.022305 0.540392 -0.874614 -0.735005 0.074908 0.565319 -0.910732 -0.730716 0.0 0.0 0.0 0.0 0.0 0.0 0.0 0.0 0.0 0.0 0.0 0.0 0.0 0.0 0.0 0.0 0.0
0 -0.029776 -0.495946 1.004874 -0.613231 -0.024964 -0.535840 1.056474 -0.633775 0.036527 0.020754 0.531955 -0.858470 -0.733758 0.074449 0.554551 -0.891940 -0.732416 0.0 0.0 0.0 0.0 0.0 0.0 0.0 0.0 0.0 0.0 0.0 0.0 0.0 0.0 0.0 0.0 0.0
0 -0.028778 -0.482628 0.989599 -0.612444 -0.028585 -0.526543 1.041146 -0.635248 0.035626 0.018995 0.523923 -0.842249 -0.733162 0.074050 0.543876 -0.872917 -0.734402 0.0 0.0 0.0 0.0 0.0 0.0 0.0 0.0 0.0 0.0 0.0 0.0 0.0 0.0 0.0 0.0 0.0
0 -0.027639 -0.469375 0.974621 -0.611559 -0.031839 -0.516682 1.025488 -0.636521 0.034397 0.017065 0.516254 -0.825883 -0.733246 0.073729 0.533263 -0.853677 -0.736648 0.0 0.0 0.0 0.0 0.0 0.0 0.0 0.0 0.0 0.0 0.0 0.0 0.0 0.0 0.0 0.0 0.0
0 -0.026453 -0.456231 0.959927 -0.610607 -0.034681 -0.506216 1.009483 -0.637493 0.032892 0.015005 0.508884 -0.809305 -0.734015 0.073493 0.522680 -0.834239 -0.739123 0.0 0.0 0.0 0.0 0.0 0.0 0.0 0.0 0.0 0.0 0.0 0.0 0.0 0.0 0.0 0.0 0.0
0 -0.025320 -0.443227 0.945484 -0.609621 -0.037082 -0.495117 0.993109 -0.638067 0.031175 0.012857 0.501732 -0.792452 -0.735448 0.073334 0.512101 -0.814631 -0.741787 0.0 0.0 0.0 0.0 0.0 0.0 0.0 0.0 0.0 0.0 0.0 0.0 0.0 0.0 0.0 0.0 0.0
0 -0.024329 -0.430382 0.931245 -0.608638 -0.039019 -0.483374 0.976335 -0.638154 0.029318 0.010666 0.494702 -0.775263 -0.737504 0.073229 0.501497 -0.794888 -0.744600 0.0 0.0 0.0 0.0 0.0 0.0 0.0 0.0 0.0 0.0 0.0 0.0 0.0 0.0 0.0 0.0 0.0
0 -0.023562 -0.417699 0.917154 -0.607696 -0.040484 -0.470995 0.959128 -0.637679 0.027400 0.008471 0.487694 -0.757688 -0.740125 0.073139 0.490850 -0.775050 -0.747515 0.0 0.0 0.0 0.0 0.0 0.0 0.0 0.0 0.0 0.0 0.0 0.0 0.0 0.0 0.0 0.0 0.0
0 -0.023084 -0.405165 0.903145 -0.606836 -0.041477 -0.458003 0.941452 -0.636586 0.025495 0.006305 0.480605 -0.739690 -0.743235 0.073011 0.480142 -0.755165 -0.750481 0.0 0.0 0.0 0.0 0.0 0.0 0.0 0.0 0.0 0.0 0.0 0.0 0.0 0.0 0.0 0.0 0.0
0 -0.022940 -0.392756 0.889143 -0.606099 -0.042005 -0.444441 0.923273 -0.634839 0.023670 0.004194 0.473339 -0.721246 -0.746749 0.072785 0.469365 -0.735283 -0.753444 0.0 0.0 0.0 0.0 0.0 0.0 0.0 0.0 0.0 0.0 0.0 0.0 0.0 0.0 0.0 0.0 0.0
0 -0.023155 -0.380439 0.875072 -0.605527 -0.042084 -0.430363 0.904569 -0.632427 0.021983 0.002152 0.465817 -0.702349 -0.750574 0.072392 0.458518 -0.715458 -0.756344 0.0 0.0 0.0 0.0 0.0 0.0 0.0 0.0 0.0 0.0 0.0 0.0 0.0 0.0 0.0 0.0 0.0
0 -0.023732 -0.368172 0.860853 -0.605158 -0.041736 -0.415841 0.885327 -0.629361 0.020476 0.000185 0.457975 -0.683012 -0.754608 0.071760 0.447607 -0.695745 -0.759117 0.0 0.0 0.0 0.0 0.0 0.0 0.0 0.0 0.0 0.0 0.0 0.0 0.0 0.0 0.0 0.0 0.0
0 -0.024654 -0.355914 0.846408 -0.605029 -0.040993 -0.400954 0.865552 -0.625680 0.019178 -0.001712 0.449771 -0.663265 -0.758749 0.070824 0.436644 -0.676197 -0.761694 0.0 0.0 0.0 0.0 0.0 0.0 0.0 0.0 0.0 0.0 0.0 0.0 0.0 0.0 0.0 0.0 0.0
0 -0.025886 -0.343626 0.831661 -0.605168 -0.039893 -0.385791 0.845270 -0.621446 0.018104 -0.003551 0.441187 -0.643160 -0.762887 0.069524 0.425648 -0.656866 -0.764008 0.0 0.0 0.0 0.0 0.0 0.0 0.0 0.0 0.0 0.0 0.0 0.0 0.0 0.0 0.0 0.0 0.0
0 -0.027377 -0.331271 0.816539 -0.605596 -0.038484 -0.370446 0.824525 -0.616742 0.017255 -0.005348 0.432227 -0.622765 -0.766917 0.067811 0.414641 -0.637797 -0.765988 0.0 0.0 0.0 0.0 0.0 0.0 0.0 0.0 0.0 0.0 0.0 0.0 0.0 0.0 0.0 0.0 0.0
0 -0.029064 -0.318822 0.800976 -0.606324 -0.036825 -0.355017 0.803383 -0.611674 0.016619 -0.007122 0.422913 -0.602166 -0.770728 0.065652 0.403648 -0.619030 -0.767570 0.0 0.0 0.0 0.0 0.0 0.0 0.0 0.0 0.0 0.0 0.0 0.0 0.0 0.0 0.0 0.0 0.0
0 -0.030880 -0.306257 0.784913 -0.607350 -0.034981 -0.339596 0.781923 -0.606364 0.016173 -0.008890 0.413286 -0.581461 -0.774216 0.063029 0.392694 -0.600594 -0.768695 0.0 0.0 0.0 0.0 0.0 0.0 0.0 0.0 0.0 0.0 0.0 0.0 0.0 0.0 0.0 0.0 0.0
0 -0.032753 -0.293564 0.768298 -0.608660 -0.033026 -0.324271 0.760239 -0.600947 0.015886 -0.010667 0.403395 -0.560759 -0.777281 0.059946 0.381803 -0.582506 -0.769319 0.0 0.0 0.0 0.0 0.0 0.0 0.0 0.0 0.0 0.0 0.0 0.0 0.0 0.0 0.0 0.0 0.0
0 -0.034614 -0.280733 0.751088 -0.610228 -0.031036 -0.309116 0.738432 -0.595567 0.015722 -0.012460 0.393298 -0.540176 -0.779832 0.056420 0.370992 -0.564769 -0.769410 0.0 0.0 0.0 0.0 0.0 0.0 0.0 0.0 0.0 0.0 0.0 0.0 0.0 0.0 0.0 0.0 0.0
0 -0.036402 -0.267759 0.733251 -0.612016 -0.029088 -0.294191 0.716601 -0.590373 0.015636 -0.014267 0.383050 -0.519824 -0.781789 0.052490 0.360275 -0.547372 -0.768957 0.0 0.0 0.0 0.0 0.0 0.0 0.0 0.0 0.0 0.0 0.0 0.0 0.0 0.0 0.0 0.0 0.0
0 -0.038063 -0.254636 0.714762 -0.613978 -0.027255 -0.279533 0.694837 -0.585511 0.015581 -0.016080 0.372707 -0.499813 -0.783088 0.048211 0.349657 -0.530287 -0.767969 0.0 0.0 0.0 0.0 0.0 0.0 0.0 0.0 0.0 0.0 0.0 0.0 0.0 0.0 0.0 0.0 0.0
0 -0.039555 -0.241356 0.695612 -0.616065 -0.025602 -0.265158 0.673220 -0.581120 0.015510 -0.017881 0.362316 -0.480238 -0.783684 0.043649 0.339138 -0.513473 -0.766472 0.0 0.0 0.0 0.0 0.0 0.0 0.0 0.0 0.0 0.0 0.0 0.0 0.0 0.0 0.0 0.0 0.0
0 -0.040850 -0.227909 0.675798 -0.618224 -0.024180 -0.251058 0.651809 -0.577327 0.015371 -0.019648 0.351912 -0.461178 -0.783553 0.038884 0.328706 -0.496871 -0.764512 0.0 0.0 0.0 0.0 0.0 0.0 0.0 0.0 0.0 0.0 0.0 0.0 0.0 0.0 0.0 0.0 0.0
0 -0.041934 -0.214277 0.655329 -0.620406 -0.023022 -0.237199 0.630640 -0.574237 0.015116 -0.021353 0.341521 -0.442687 -0.782693 0.034004 0.318344 -0.480414 -0.762148 0.0 0.0 0.0 0.0 0.0 0.0 0.0 0.0 0.0 0.0 0.0 0.0 0.0 0.0 0.0 0.0 0.0
0 -0.042804 -0.200441 0.634224 -0.622567 -0.022144 -0.223531 0.609722 -0.571933 0.014697 -0.022969 0.331156 -0.424791 -0.781122 0.029101 0.308027 -0.464023 -0.759448 0.0 0.0 0.0 0.0 0.0 0.0 0.0 0.0 0.0 0.0 0.0 0.0 0.0 0.0 0.0 0.0 0.0
0 -0.043470 -0.186379 0.612508 -0.624674 -0.021543 -0.209985 0.589034 -0.570472 0.014069 -0.024470 0.320817 -0.407485 -0.778884 0.024269 0.297723 -0.447614 -0.756487 0.0 0.0 0.0 0.0 0.0 0.0 0.0 0.0 0.0 0.0 0.0 0.0 0.0 0.0 0.0 0.0 0.0
0 -0.043952 -0.172067 0.590212 -0.626702 -0.021192 -0.196482 0.568531 -0.569882 0.013193 -0.025835 0.310493 -0.390736 -0.776039 0.019601 0.287397 -0.431100 -0.753335 0.0 0.0 0.0 0.0 0.0 0.0 0.0 0.0 0.0 0.0 0.0 0.0 0.0 0.0 0.0 0.0 0.0
0 -0.044276 -0.157486 0.567372 -0.628638 -0.021051 -0.182939 0.548139 -0.570164 0.012034 -0.027046 0.300163 -0.374476 -0.772665 0.015189 0.277008 -0.414392 -0.750057 0.0 0.0 0.0 0.0 0.0 0.0 0.0 0.0 0.0 0.0 0.0 0.0 0.0 0.0 0.0 0.0 0.0
0 -0.044473 -0.142623 0.544026 -0.630477 -0.021061 -0.169276 0.527765 -0.571295 0.010564 -0.028095 0.289797 -0.358616 -0.768853 0.011115 0.266515 -0.397404 -0.746709 0.0 0.0 0.0 0.0 0.0 0.0 0.0 0.0 0.0 0.0 0.0 0.0 0.0 0.0 0.0 0.0 0.0
0 -0.044574 -0.127471 0.520214 -0.632224 -0.021154 -0.155420 0.507297 -0.573228 0.008762 -0.028977 0.279358 -0.343043 -0.764703 0.007457 0.255876 -0.380055 -0.743336 0.0 0.0 0.0 0.0 0.0 0.0 0.0 0.0 0.0 0.0 0.0 0.0 0.0 0.0 0.0 0.0 0.0
0 -0.044611 -0.112032 0.495976 -0.633889 -0.021254 -0.141311 0.486616 -0.575902 0.006617 -0.029691 0.268804 -0.327631 -0.760319 0.004283 0.245054 -0.362269 -0.739970 0.0 0.0 0.0 0.0 0.0 0.0 0.0 0.0 0.0 0.0 0.0 0.0 0.0 0.0 0.0 0.0 0.0
0 -0.044610 -0.096321 0.471350 -0.635485 -0.021283 -0.126904 0.465600 -0.579242 0.004127 -0.030240 0.258092 -0.312247 -0.755806 0.001652 0.234014 -0.343977 -0.736633 0.0 0.0 0.0 0.0 0.0 0.0 0.0 0.0 0.0 0.0 0.0 0.0 0.0 0.0 0.0 0.0 0.0
0 -0.044593 -0.080358 0.446375 -0.637029 -0.021163 -0.112174 0.444134 -0.583170 0.001299 -0.030630 0.247177 -0.296756 -0.751268 -0.000389 0.222731 -0.325121 -0.733337 0.0 0.0 0.0 0.0 0.0 0.0 0.0 0.0 0.0 0.0 0.0 0.0 0.0 0.0 0.0 0.0 0.0
0 -0.044575 -0.064172 0.421089 -0.638537 -0.020823 -0.097111 0.422117 -0.587607 -0.001847 -0.030864 0.236018 -0.281032 -0.746797 -0.001809 0.211189 -0.305653 -0.730085 0.0 0.0 0.0 0.0 0.0 0.0 0.0 0.0 0.0 0.0 0.0 0.0 0.0 0.0 0.0 0.0 0.0
0 -0.044564 -0.047794 0.395529 -0.640027 -0.020202 -0.081720 0.399467 -0.592477 -0.005284 -0.030945 0.224575 -0.264956 -0.742480 -0.002589 0.199383 -0.285541 -0.726878 0.0 0.0 0.0 0.0 0.0 0.0 0.0 0.0 0.0 0.0 0.0 0.0 0.0 0.0 0.0 0.0 0.0
0 -0.044561 -0.031258 0.369732 -0.641516 -0.019247 -0.066021 0.376130 -0.597710 -0.008974 -0.030872 0.212818 -0.248426 -0.738387 -0.002726 0.187323 -0.264768 -0.723713 0.0 0.0 0.0 0.0 0.0 0.0 0.0 0.0 0.0 0.0 0.0 0.0 0.0 0.0 0.0 0.0 0.0
0 -0.044563 -0.014597 0.343733 -0.643024 -0.017922 -0.050039 0.352079 -0.603249 -0.012871 -0.030644 0.200720 -0.231358 -0.734579 -0.002237 0.175029 -0.243332 -0.720586 0.0 0.0 0.0 0.0 0.0 0.0 0.0 0.0 0.0 0.0 0.0 0.0 0.0 0.0 0.0 0.0 0.0
0 -0.044559 0.002162 0.317565 -0.644572 -0.016203 -0.033807 0.327320 -0.609041 -0.016924 -0.030257 0.188267 -0.213687 -0.731097 -0.001154 0.162537 -0.221251 -0.717495 0.0 0.0 0.0 0.0 0.0 0.0 0.0 0.0 0.0 0.0 0.0 0.0 0.0 0.0 0.0 0.0 0.0
0 -0.044536 0.018995 0.291261 -0.646182 -0.014081 -0.017353 0.301889 -0.615045 -0.021075 -0.029710 0.175449 -0.195367 -0.727972 0.000472 0.149890 -0.198560 -0.714444 0.0 0.0 0.0 0.0 0.0 0.0 0.0 0.0 0.0 0.0 0.0 0.0 0.0 0.0 0.0 0.0 0.0
0 -0.044475 0.035886 0.264845 -0.647878 -0.011563 -0.000704 0.275848 -0.621227 -0.025267 -0.029006 0.162267 -0.176376 -0.725218 0.002575 0.137141 -0.175314 -0.711438 0.0 0.0 0.0 0.0 0.0 0.0 0.0 0.0 0.0 0.0 0.0 0.0 0.0 0.0 0.0 0.0 0.0
0 -0.044355 0.052824 0.238338 -0.649684 -0.008673 0.016119 0.249278 -0.627556 -0.029441 -0.028152 0.148728 -0.156713 -0.722836 0.005074 0.124350 -0.151581 -0.708490 0.0 0.0 0.0 0.0 0.0 0.0 0.0 0.0 0.0 0.0 0.0 0.0 0.0 0.0 0.0 0.0 0.0
0 -0.044152 0.069803 0.211755 -0.651622 -0.005444 0.033104 0.222278 -0.634003 -0.033543 -0.027166 0.134844 -0.136397 -0.720817 0.007874 0.111575 -0.127443 -0.705619 0.0 0.0 0.0 0.0 0.0 0.0 0.0 0.0 0.0 0.0 0.0 0.0 0.0 0.0 0.0 0.0 0.0
0 -0.043839 0.086823 0.185101 -0.653710 -0.001928 0.050247 0.194951 -0.640539 -0.037520 -0.026076 0.120632 -0.115472 -0.719139 0.010873 0.098878 -0.102994 -0.702855 0.0 0.0 0.0 0.0 0.0 0.0 0.0 0.0 0.0 0.0 0.0 0.0 0.0 0.0 0.0 0.0 0.0
0 -0.043387 0.103884 0.158375 -0.655960 0.001818 0.067547 0.167402 -0.647133 -0.041327 -0.024921 0.106113 -0.094001 -0.717771 0.013966 0.086314 -0.078336 -0.700231 0.0 0.0 0.0 0.0 0.0 0.0 0.0 0.0 0.0 0.0 0.0 0.0 0.0 0.0 0.0 0.0 0.0
0 -0.042769 0.120989 0.131572 -0.658375 0.005724 0.085008 0.139728 -0.653746 -0.044925 -0.023753 0.091312 -0.072069 -0.716670 0.017044 0.073936 -0.053575 -0.697792 0.0 0.0 0.0 0.0 0.0 0.0 0.0 0.0 0.0 0.0 0.0 0.0 0.0 0.0 0.0 0.0 0.0
0 -0.041957 0.138135 0.104683 -0.660951 0.009716 0.102634 0.112017 -0.660338 -0.048282 -0.022634 0.076258 -0.049780 -0.715788 0.020005 0.061792 -0.028823 -0.695585 0.0 0.0 0.0 0.0 0.0 0.0 0.0 0.0 0.0 0.0 0.0 0.0 0.0 0.0 0.0 0.0 0.0
0 -0.040928 0.155320 0.077700 -0.663672 0.013718 0.120422 0.084346 -0.666862 -0.051371 -0.021634 0.060985 -0.027253 -0.715068 0.022755 0.049922 -0.004194 -0.693664 0.0 0.0 0.0 0.0 0.0 0.0 0.0 0.0 0.0 0.0 0.0 0.0 0.0 0.0 0.0 0.0 0.0
0 -0.039664 0.172529 0.050621 -0.666515 0.017653 0.138362 0.056779 -0.673272 -0.054172 -0.020824 0.045536 -0.004623 -0.714446 0.025214 0.038363 0.020196 -0.692080 0.0 0.0 0.0 0.0 0.0 0.0 0.0 0.0 0.0 0.0 0.0 0.0 0.0 0.0 0.0 0.0 0.0
0 -0.038155 0.189740 0.023459 -0.669448 0.021449 0.156429 0.029376 -0.679517 -0.056669 -0.020278 0.029963 0.017967 -0.713854 0.027317 0.027149 0.044228 -0.690882 0.0 0.0 0.0 0.0 0.0 0.0 0.0 0.0 0.0 0.0 0.0 0.0 0.0 0.0 0.0 0.0 0.0
0 -0.036403 0.206918 -0.003754 -0.672434 0.025039 0.174583 0.002198 -0.685552 -0.058853 -0.020060 0.014333 0.040365 -0.713222 0.029023 0.016308 0.067783 -0.690112 0.0 0.0 0.0 0.0 0.0 0.0 0.0 0.0 0.0 0.0 0.0 0.0 0.0 0.0 0.0 0.0 0.0
2 -0.034417 0.224012 -0.030961 -0.675433 0.028367 0.192763 -0.024688 -0.691334 -0.060717 -0.020223 -0.001276 0.062416 -0.712485 0.030313 0.005870 0.090739 -0.689796 0.0 0.0 0.0 0.0 0.0 0.0 0.0 0.0 0.0 0.0 0.0 0.0 0.0 0.0 0.0 0.0 0.0
2 -0.032222 0.240954 -0.058069 -0.678404 0.031386 0.210890 -0.051195 -0.696829 -0.062264 -0.020804 -0.016765 0.083963 -0.711581 0.031188 -0.004139 0.112974 -0.689949 0.0 0.0 0.0 0.0 0.0 0.0 0.0 0.0 0.0 0.0 0.0 0.0 0.0 0.0 0.0 0.0 0.0
2 -0.029853 0.257654 -0.084951 -0.681309 0.034063 0.228857 -0.077212 -0.702007 -0.063498 -0.021817 -0.032023 0.104848 -0.710462 0.031675 -0.013689 0.134361 -0.690566 0.0 0.0 0.0 0.0 0.0 0.0 0.0 0.0 0.0 0.0 0.0 0.0 0.0 0.0 0.0 0.0 0.0
2 -0.027353 0.274003 -0.111434 -0.684110 0.036377 0.246536 -0.102596 -0.706848 -0.064434 -0.023256 -0.046923 0.124919 -0.709095 0.031815 -0.022752 0.154774 -0.691620 0.0 0.0 0.0 0.0 0.0 0.0 0.0 0.0 0.0 0.0 0.0 0.0 0.0 0.0 0.0 0.0 0.0
2 -0.024777 0.289871 -0.137307 -0.686778 0.038323 0.263777 -0.127170 -0.711336 -0.065092 -0.025087 -0.061325 0.144021 -0.707469 0.031668 -0.031293 0.174084 -0.693066 0.0 0.0 0.0 0.0 0.0 0.0 0.0 0.0 0.0 0.0 0.0 0.0 0.0 0.0 0.0 0.0 0.0
2 -0.022183 0.305108 -0.162315 -0.689284 0.039907 0.280407 -0.150724 -0.715462 -0.065500 -0.027255 -0.075078 0.162006 -0.705597 0.031300 -0.039277 0.192163 -0.694841 0.0 0.0 0.0 0.0 0.0 0.0 0.0 0.0 0.0 0.0 0.0 0.0 0.0 0.0 0.0 0.0 0.0
2 -0.019633 0.319548 -0.186169 -0.691608 0.041149 0.296234 -0.173016 -0.719218 -0.065692 -0.029681 -0.088027 0.178726 -0.703516 0.030780 -0.046663 0.208885 -0.696861 0.0 0.0 0.0 0.0 0.0 0.0 0.0 0.0 0.0 0.0 0.0 0.0 0.0 0.0 0.0 0.0 0.0
2 -0.017188 0.333015 -0.208553 -0.693728 0.042081 0.311053 -0.193782 -0.722598 -0.065706 -0.032266 -0.100018 0.194038 -0.701290 0.030177 -0.053408 0.224125 -0.699032 0.0 0.0 0.0 0.0 0.0 0.0 0.0 0.0 0.0 0.0 0.0 0.0 0.0 0.0 0.0 0.0 0.0
2 -0.014908 0.345323 -0.229131 -0.695630 0.042742 0.324650 -0.212747 -0.725593 -0.065588 -0.034899 -0.110896 0.207803 -0.699001 0.029551 -0.059464 0.237763 -0.701251 0.0 0.0 0.0 0.0 0.0 0.0 0.0 0.0 0.0 0.0 0.0 0.0 0.0 0.0 0.0 0.0 0.0
2 -0.012847 0.356291 -0.247565 -0.697297 0.043180 0.336809 -0.229632 -0.728195 -0.065382 -0.037461 -0.120519 0.219891 -0.696750 0.028950 -0.064781 0.249688 -0.703411 0.0 0.0 0.0 0.0 0.0 0.0 0.0 0.0 0.0 0.0 0.0 0.0 0.0 0.0 0.0 0.0 0.0
2 -0.011053 0.365742 -0.263525 -0.698715 0.043444 0.347322 -0.244173 -0.730392 -0.065130 -0.039829 -0.128756 0.230177 -0.694647 0.028412 -0.069310 0.259798 -0.705405 0.0 0.0 0.0 0.0 0.0 0.0 0.0 0.0 0.0 0.0 0.0 0.0 0.0 0.0 0.0 0.0 0.0
2 -0.009568 0.373517 -0.276706 -0.699870 0.043582 0.355996 -0.256127 -0.732171 -0.064875 -0.041887 -0.135491 0.238552 -0.692801 0.027964 -0.073002 0.268001 -0.707136 0.0 0.0 0.0 0.0 0.0 0.0 0.0 0.0 0.0 0.0 0.0 0.0 0.0 0.0 0.0 0.0 0.0
2 -0.008426 0.379477 -0.286844 -0.700749 0.043641 0.362662 -0.265286 -0.733520 -0.064651 -0.043531 -0.140629 0.244922 -0.691315 0.027620 -0.075814 0.274223 -0.708516 0.0 0.0 0.0 0.0 0.0 0.0 0.0 0.0 0.0 0.0 0.0 0.0 0.0 0.0 0.0 0.0 0.0
2 -0.007650 0.383514 -0.293727 -0.701342 0.043658 0.367184 -0.271487 -0.734427 -0.064485 -0.044677 -0.144096 0.249211 -0.690272 0.027388 -0.077710 0.278405 -0.709476 0.0 0.0 0.0 0.0 0.0 0.0 0.0 0.0 0.0 0.0 0.0 0.0 0.0 0.0 0.0 0.0 0.0
2 -0.007258 0.385552 -0.297206 -0.701641 0.043660 0.369470 -0.274617 -0.734882 -0.064397 -0.045266 -0.145842 0.251369 -0.689735 0.027271 -0.078664 0.280506 -0.709969 0.0 0.0 0.0 0.0 0.0 0.0 0.0 0.0 0.0 0.0 0.0 0.0 0.0 0.0 0.0 0.0 0.0
