401 0.005
FOOTHOLDS
0.774290 0.100307 -0.000443
0.754054 -0.178925 0.000147
0.326868 0.132438 0.018807
0.305890 -0.146233 0.022080
SAMPLES
0.000000 0.000000 0.000000 0.520000 0.000000 0.000000 0.000000 0.000000 0.000000 0.000000 0.000000 0.000000 0.000000 1 1 1 1
0.005000 0.000002 -0.000002 0.520005 -0.000001 0.000001 -0.000000 0.001000 -0.000618 0.001959 -0.000283 0.000580 -0.000115 1 1 1 1
0.010000 0.000010 -0.000006 0.520020 -0.000003 0.000006 -0.000001 0.002027 -0.001253 0.003972 -0.000568 0.001165 -0.000230 1 1 1 1
0.015000 0.000023 -0.000014 0.520045 -0.000006 0.000013 -0.000003 0.003082 -0.001905 0.006039 -0.000855 0.001752 -0.000347 1 1 1 1
0.020000 0.000041 -0.000025 0.520080 -0.000011 0.000023 -0.000005 0.004165 -0.002574 0.008160 -0.001143 0.002344 -0.000464 1 1 1 1
0.025000 0.000065 -0.000040 0.520126 -0.000018 0.000037 -0.000007 0.005276 -0.003260 0.010336 -0.001433 0.002940 -0.000581 1 1 1 1
0.030000 0.000094 -0.000058 0.520184 -0.000026 0.000053 -0.000010 0.006413 -0.003964 0.012566 -0.001725 0.003539 -0.000700 1 1 1 1
0.035000 0.000129 -0.000080 0.520252 -0.000035 0.000072 -0.000014 0.007579 -0.004684 0.014849 -0.002019 0.004142 -0.000819 1 1 1 1
0.040000 0.000170 -0.000105 0.520332 -0.000046 0.000094 -0.000019 0.008772 -0.005422 0.017187 -0.002315 0.004748 -0.000939 1 1 1 1
0.045000 0.000216 -0.000134 0.520424 -0.000058 0.000119 -0.000024 0.009993 -0.006177 0.019580 -0.002612 0.005359 -0.001059 1 1 1 1
0.050000 0.000270 -0.000167 0.520528 -0.000072 0.000148 -0.000029 0.011241 -0.006949 0.022026 -0.002911 0.005973 -0.001181 1 1 1 1
0.055000 0.000329 -0.000203 0.520644 -0.000087 0.000179 -0.000035 0.012517 -0.007738 0.024527 -0.003212 0.006591 -0.001303 1 1 1 1
0.060000 0.000395 -0.000244 0.520773 -0.000104 0.000214 -0.000042 0.013821 -0.008545 0.027081 -0.003515 0.007213 -0.001426 1 1 1 1
0.065000 0.000467 -0.000289 0.520915 -0.000123 0.000251 -0.000050 0.015152 -0.009368 0.029690 -0.003820 0.007839 -0.001549 1 1 1 1
0.070000 0.000546 -0.000338 0.521070 -0.000142 0.000292 -0.000058 0.016510 -0.010209 0.032353 -0.004126 0.008468 -0.001674 1 1 1 1
0.075000 0.000632 -0.000391 0.521239 -0.000164 0.000336 -0.000066 0.017897 -0.011067 0.035070 -0.004434 0.009101 -0.001799 1 1 1 1
0.080000 0.000725 -0.000448 0.521421 -0.000187 0.000383 -0.000076 0.019311 -0.011942 0.037842 -0.004744 0.009738 -0.001924 1 1 1 1
0.085000 0.000825 -0.000510 0.521617 -0.000211 0.000433 -0.000086 0.020752 -0.012835 0.040667 -0.005056 0.010379 -0.002051 1 1 1 1
0.090000 0.000933 -0.000577 0.521828 -0.000237 0.000487 -0.000096 0.022221 -0.013744 0.043547 -0.005369 0.011023 -0.002178 1 1 1 1
0.095000 0.001048 -0.000648 0.522053 -0.000265 0.000544 -0.000107 0.023718 -0.014670 0.046481 -0.005684 0.011671 -0.002306 1 1 1 1
0.100000 0.001170 -0.000724 0.522293 -0.000294 0.000604 -0.000119 0.025242 -0.015614 0.049469 -0.006001 0.012323 -0.002435 1 1 1 1
0.105000 0.001300 -0.000804 0.522548 -0.000325 0.000667 -0.000132 0.026794 -0.016575 0.052511 -0.006320 0.012979 -0.002564 1 1 1 1
0.110000 0.001438 -0.000889 0.522818 -0.000357 0.000733 -0.000145 0.028374 -0.017553 0.055608 -0.006641 0.013638 -0.002695 1 1 1 1
0.115000 0.001584 -0.000980 0.523104 -0.000391 0.000803 -0.000159 0.029981 -0.018548 0.058758 -0.006963 0.014301 -0.002825 1 1 1 1
0.120000 0.001738 -0.001075 0.523406 -0.000427 0.000876 -0.000173 0.031616 -0.019561 0.061963 -0.007287 0.014968 -0.002957 1 1 1 1
0.125000 0.001900 -0.001175 0.523724 -0.000464 0.000953 -0.000188 0.033278 -0.020590 0.065222 -0.007613 0.015639 -0.003089 1 1 1 1
0.130000 0.002071 -0.001281 0.524058 -0.000503 0.001033 -0.000204 0.034968 -0.021637 0.068535 -0.007941 0.016314 -0.003223 1 1 1 1
0.135000 0.002250 -0.001392 0.524409 -0.000544 0.001116 -0.000221 0.036686 -0.022701 0.071902 -0.008270 0.016992 -0.003356 1 1 1 1
0.140000 0.002438 -0.001508 0.524777 -0.000586 0.001203 -0.000238 0.038431 -0.023782 0.075323 -0.008601 0.017674 -0.003491 1 1 1 1
0.145000 0.002634 -0.001629 0.525162 -0.000630 0.001293 -0.000255 0.040204 -0.024880 0.078799 -0.008934 0.018360 -0.003626 1 1 1 1
0.150000 0.002840 -0.001757 0.525565 -0.000675 0.001386 -0.000274 0.042004 -0.025995 0.082329 -0.009269 0.019049 -0.003762 1 1 1 1
0.155000 0.003054 -0.001889 0.525986 -0.000722 0.001483 -0.000293 0.043832 -0.027128 0.085913 -0.009606 0.019743 -0.003899 1 1 1 1
0.160000 0.003278 -0.002028 0.526424 -0.000771 0.001584 -0.000313 0.045688 -0.028277 0.089551 -0.009944 0.020440 -0.004037 1 1 1 1
0.165000 0.003511 -0.002172 0.526881 -0.000822 0.001688 -0.000333 0.047571 -0.029444 0.093243 -0.010284 0.021141 -0.004175 1 1 1 1
0.170000 0.003754 -0.002322 0.527357 -0.000874 0.001795 -0.000355 0.049482 -0.030628 0.096989 -0.010626 0.021846 -0.004314 1 1 1 1
0.175000 0.004006 -0.002479 0.527851 -0.000928 0.001906 -0.000377 0.051420 -0.031829 0.100790 -0.010970 0.022554 -0.004454 1 1 1 1
0.180000 0.004268 -0.002641 0.528365 -0.000984 0.002021 -0.000399 0.053386 -0.033047 0.104645 -0.011316 0.023266 -0.004594 1 1 1 1
0.185000 0.004540 -0.002809 0.528898 -0.001041 0.002139 -0.000423 0.055380 -0.034283 0.108554 -0.011663 0.023982 -0.004735 1 1 1 1
0.190000 0.004822 -0.002984 0.529451 -0.001100 0.002261 -0.000447 0.057401 -0.035535 0.112517 -0.012012 0.024702 -0.004877 1 1 1 1
0.195000 0.005114 -0.003164 0.530023 -0.001161 0.002386 -0.000471 0.059450 -0.036805 0.116534 -0.012363 0.025425 -0.005020 1 1 1 1
0.200000 0.005417 -0.003352 0.530616 -0.001224 0.002515 -0.000497 0.061526 -0.038092 0.120605 -0.012716 0.026153 -0.005163 1 1 1 1
0.205000 0.005729 -0.003545 0.531229 -0.001288 0.002647 -0.000523 0.063630 -0.039396 0.124731 -0.013070 0.026884 -0.005307 1 1 1 1
0.210000 0.006053 -0.003746 0.531863 -0.001355 0.002784 -0.000550 0.065762 -0.040717 0.128911 -0.013426 0.027618 -0.005452 1 1 1 1
0.215000 0.006387 -0.003953 0.532519 -0.001423 0.002924 -0.000577 0.067921 -0.042056 0.133145 -0.013784 0.028357 -0.005598 1 1 1 1
0.220000 0.006732 -0.004166 0.533195 -0.001493 0.003067 -0.000606 0.070108 -0.043411 0.137433 -0.014144 0.029099 -0.005744 1 1 1 1
0.225000 0.007088 -0.004387 0.533893 -0.001564 0.003215 -0.000635 0.072322 -0.044784 0.141775 -0.014506 0.029845 -0.005891 1 1 1 1
0.230000 0.007455 -0.004614 0.534613 -0.001638 0.003366 -0.000665 0.074564 -0.046174 0.146172 -0.014869 0.030595 -0.006039 1 1 1 1
0.235000 0.007834 -0.004848 0.535355 -0.001713 0.003521 -0.000695 0.076834 -0.047581 0.150622 -0.015234 0.031349 -0.006188 1 1 1 1
0.240000 0.008224 -0.005090 0.536119 -0.001790 0.003679 -0.000727 0.079131 -0.049005 0.155127 -0.015601 0.032106 -0.006337 1 1 1 1
0.245000 0.008625 -0.005339 0.536906 -0.001869 0.003842 -0.000759 0.081456 -0.050446 0.159686 -0.015970 0.032867 -0.006487 1 1 1 1
0.250000 0.009038 -0.005594 0.537716 -0.001950 0.004008 -0.000791 0.083808 -0.051905 0.164299 -0.016340 0.033632 -0.006637 1 1 1 1
0.255000 0.009463 -0.005858 0.538549 -0.002032 0.004178 -0.000825 0.086188 -0.053380 0.168966 -0.016713 0.034401 -0.006789 1 1 1 1
0.260000 0.009900 -0.006128 0.539406 -0.002117 0.004352 -0.000859 0.088596 -0.054873 0.173688 -0.017087 0.035173 -0.006941 1 1 1 1
0.265000 0.010349 -0.006406 0.540286 -0.002203 0.004530 -0.000894 0.091031 -0.056383 0.178463 -0.017463 0.035950 -0.007094 1 1 1 1
0.270000 0.010811 -0.006692 0.541191 -0.002291 0.004711 -0.000930 0.093494 -0.057910 0.183293 -0.017840 0.036729 -0.007248 1 1 1 1
0.275000 0.011284 -0.006985 0.542119 -0.002382 0.004897 -0.000967 0.095984 -0.059454 0.188177 -0.018220 0.037513 -0.007402 1 1 1 1
0.280000 0.011771 -0.007287 0.543072 -0.002474 0.005087 -0.001004 0.098502 -0.061016 0.193115 -0.018601 0.038301 -0.007557 1 1 1 1
0.285000 0.012269 -0.007596 0.544050 -0.002568 0.005280 -0.001043 0.101048 -0.062594 0.198108 -0.018984 0.039092 -0.007713 1 1 1 1
0.290000 0.012781 -0.007913 0.545054 -0.002663 0.005477 -0.001081 0.103621 -0.064190 0.203154 -0.019368 0.039887 -0.007870 1 1 1 1
0.295000 0.013306 -0.008238 0.546082 -0.002761 0.005679 -0.001121 0.106222 -0.065803 0.208255 -0.019755 0.040686 -0.008027 1 1 1 1
0.300000 0.013843 -0.008571 0.547136 -0.002861 0.005884 -0.001162 0.108851 -0.067433 0.213409 -0.020143 0.041488 -0.008185 1 1 1 1
0.305000 0.014394 -0.008912 0.548216 -0.002963 0.006094 -0.001203 0.111507 -0.069080 0.218618 -0.020533 0.042295 -0.008344 1 1 1 1
0.310000 0.014958 -0.009262 0.549323 -0.003066 0.006307 -0.001245 0.114190 -0.070745 0.223882 -0.020925 0.043105 -0.008503 1 1 1 1
0.315000 0.015536 -0.009619 0.550455 -0.003172 0.006525 -0.001288 0.116902 -0.072426 0.229199 -0.021319 0.043919 -0.008664 1 1 1 1
0.320000 0.016128 -0.009986 0.551615 -0.003280 0.006746 -0.001332 0.119640 -0.074125 0.234570 -0.021714 0.044736 -0.008825 1 1 1 1
0.325000 0.016733 -0.010361 0.552801 -0.003389 0.006972 -0.001376 0.122407 -0.075841 0.239996 -0.022112 0.045558 -0.008986 1 1 1 1
0.330000 0.017352 -0.010744 0.554015 -0.003501 0.007202 -0.001422 0.125201 -0.077574 0.245476 -0.022511 0.046383 -0.009149 1 1 1 1
0.335000 0.017985 -0.011136 0.555256 -0.003614 0.007436 -0.001468 0.128023 -0.079324 0.251010 -0.022912 0.047212 -0.009312 1 1 1 1
0.340000 0.018632 -0.011538 0.556525 -0.003730 0.007674 -0.001515 0.130872 -0.081092 0.256598 -0.023314 0.048045 -0.009476 1 1 1 1
0.345000 0.019293 -0.011947 0.557822 -0.003847 0.007916 -0.001563 0.133749 -0.082876 0.262240 -0.023719 0.048881 -0.009641 1 1 1 1
0.350000 0.019969 -0.012366 0.559147 -0.003967 0.008163 -0.001611 0.136653 -0.084678 0.267937 -0.024125 0.049721 -0.009806 1 1 1 1
0.355000 0.020660 -0.012794 0.560501 -0.004089 0.008414 -0.001661 0.139585 -0.086497 0.273687 -0.024533 0.050565 -0.009972 1 1 1 1
0.360000 0.021365 -0.013231 0.561884 -0.004212 0.008669 -0.001711 0.142545 -0.088332 0.279492 -0.024942 0.051413 -0.010139 1 1 1 1
0.365000 0.022086 -0.013678 0.563296 -0.004338 0.008928 -0.001762 0.145532 -0.090186 0.285351 -0.025354 0.052265 -0.010307 1 1 1 1
0.370000 0.022821 -0.014133 0.564738 -0.004466 0.009191 -0.001814 0.148547 -0.092056 0.291264 -0.025767 0.053120 -0.010475 1 1 1 1
0.375000 0.023571 -0.014598 0.566209 -0.004596 0.009459 -0.001867 0.151590 -0.093943 0.297232 -0.026182 0.053979 -0.010644 1 1 1 1
0.380000 0.024337 -0.015073 0.567710 -0.004728 0.009731 -0.001920 0.154660 -0.095848 0.303253 -0.026599 0.054842 -0.010814 1 1 1 1
0.385000 0.025118 -0.015557 0.569242 -0.004862 0.010007 -0.001975 0.157757 -0.097770 0.309329 -0.027018 0.055708 -0.010984 1 1 1 1
0.390000 0.025914 -0.016050 0.570804 -0.004998 0.010288 -0.002030 0.160883 -0.099709 0.315459 -0.027438 0.056579 -0.011156 1 1 1 1
0.395000 0.026727 -0.016554 0.572396 -0.005136 0.010573 -0.002086 0.164036 -0.101665 0.321643 -0.027860 0.057453 -0.011328 1 1 1 1
0.400000 0.027555 -0.017067 0.574020 -0.005276 0.010863 -0.002144 0.167216 -0.103638 0.327881 -0.028284 0.058331 -0.011500 1 0 1 0
0.405000 0.028407 -0.017577 0.575629 -0.005418 0.011155 -0.002201 0.173763 -0.100268 0.315609 -0.028318 0.058557 -0.011526 1 0 1 0
0.410000 0.029292 -0.018070 0.577177 -0.005560 0.011448 -0.002259 0.180210 -0.096950 0.303522 -0.028353 0.058784 -0.011552 1 0 1 0
0.415000 0.030209 -0.018546 0.578664 -0.005701 0.011743 -0.002317 0.186559 -0.093681 0.291620 -0.028387 0.059014 -0.011577 1 0 1 0
0.420000 0.031158 -0.019007 0.580093 -0.005844 0.012038 -0.002375 0.192808 -0.090463 0.279903 -0.028422 0.059246 -0.011603 1 0 1 0
0.425000 0.032137 -0.019451 0.581464 -0.005986 0.012335 -0.002433 0.198959 -0.087296 0.268371 -0.028456 0.059479 -0.011629 1 0 1 0
0.430000 0.033147 -0.019880 0.582777 -0.006128 0.012633 -0.002491 0.205010 -0.084180 0.257024 -0.028491 0.059714 -0.011654 1 0 1 0
0.435000 0.034187 -0.020293 0.584034 -0.006271 0.012932 -0.002549 0.210962 -0.081114 0.245861 -0.028525 0.059952 -0.011680 1 0 1 0
0.440000 0.035256 -0.020691 0.585236 -0.006413 0.013233 -0.002608 0.216815 -0.078098 0.234884 -0.028560 0.060191 -0.011705 1 0 1 0
0.445000 0.036355 -0.021074 0.586383 -0.006556 0.013534 -0.002666 0.222569 -0.075133 0.224091 -0.028595 0.060431 -0.011730 1 0 1 0
0.450000 0.037482 -0.021442 0.587477 -0.006699 0.013837 -0.002725 0.228225 -0.072219 0.213483 -0.028630 0.060674 -0.011756 1 0 1 0
0.455000 0.038637 -0.021796 0.588519 -0.006843 0.014141 -0.002784 0.233781 -0.069355 0.203060 -0.028665 0.060919 -0.011781 1 0 1 0
0.460000 0.039820 -0.022136 0.589508 -0.006986 0.014446 -0.002843 0.239237 -0.066542 0.192822 -0.028701 0.061165 -0.011806 1 0 1 0
0.465000 0.041029 -0.022462 0.590447 -0.007130 0.014753 -0.002902 0.244595 -0.063780 0.182769 -0.028736 0.061414 -0.011831 1 0 1 0
0.470000 0.042265 -0.022774 0.591336 -0.007273 0.015060 -0.002961 0.249854 -0.061068 0.172901 -0.028771 0.061664 -0.011856 1 0 1 0
0.475000 0.043528 -0.023073 0.592176 -0.007417 0.015369 -0.003020 0.255014 -0.058407 0.163217 -0.028807 0.061916 -0.011882 1 0 1 0
0.480000 0.044815 -0.023358 0.592969 -0.007561 0.015680 -0.003080 0.260074 -0.055796 0.153719 -0.028843 0.062170 -0.011907 1 0 1 0
0.485000 0.046128 -0.023631 0.593714 -0.007706 0.015991 -0.003140 0.265036 -0.053236 0.144405 -0.028878 0.062426 -0.011932 1 0 1 0
0.490000 0.047466 -0.023891 0.594413 -0.007850 0.016304 -0.003199 0.269899 -0.050726 0.135277 -0.028914 0.062683 -0.011956 1 0 1 0
0.495000 0.048827 -0.024138 0.595067 -0.007995 0.016618 -0.003259 0.274662 -0.048267 0.126333 -0.028950 0.062943 -0.011981 1 0 1 0
0.500000 0.050212 -0.024373 0.595677 -0.008140 0.016933 -0.003319 0.279327 -0.045859 0.117574 -0.028986 0.063204 -0.012006 1 0 1 0
0.505000 0.051620 -0.024597 0.596243 -0.008285 0.017250 -0.003379 0.283892 -0.043501 0.109000 -0.029022 0.063468 -0.012031 1 0 1 0
0.510000 0.053051 -0.024808 0.596767 -0.008430 0.017568 -0.003439 0.288358 -0.041194 0.100610 -0.029058 0.063733 -0.012056 1 0 1 0
0.515000 0.054504 -0.025009 0.597249 -0.008575 0.017887 -0.003500 0.292725 -0.038937 0.092406 -0.029095 0.064000 -0.012080 1 0 1 0
0.520000 0.055978 -0.025198 0.597691 -0.008721 0.018208 -0.003560 0.296994 -0.036731 0.084387 -0.029131 0.064269 -0.012105 1 0 1 0
0.525000 0.057473 -0.025376 0.598094 -0.008867 0.018530 -0.003621 0.301163 -0.034576 0.076552 -0.029168 0.064540 -0.012130 1 0 1 0
0.530000 0.058989 -0.025544 0.598457 -0.009013 0.018853 -0.003681 0.305233 -0.032471 0.068902 -0.029204 0.064812 -0.012154 1 0 1 0
0.535000 0.060525 -0.025701 0.598783 -0.009159 0.019178 -0.003742 0.309204 -0.030417 0.061437 -0.029241 0.065087 -0.012179 1 0 1 0
0.540000 0.062081 -0.025848 0.599072 -0.009305 0.019504 -0.003803 0.313076 -0.028413 0.054157 -0.029278 0.065363 -0.012203 1 0 1 0
0.545000 0.063656 -0.025985 0.599325 -0.009451 0.019832 -0.003864 0.316848 -0.026460 0.047062 -0.029315 0.065641 -0.012227 1 0 1 0
0.550000 0.065250 -0.026113 0.599543 -0.009598 0.020161 -0.003926 0.320522 -0.024558 0.040152 -0.029352 0.065921 -0.012252 1 0 1 0
0.555000 0.066861 -0.026231 0.599727 -0.009745 0.020491 -0.003987 0.324097 -0.022706 0.033427 -0.029389 0.066203 -0.012276 1 0 1 0
0.560000 0.068490 -0.026340 0.599877 -0.009892 0.020823 -0.004048 0.327573 -0.020905 0.026887 -0.029426 0.066487 -0.012300 1 0 1 0
0.565000 0.070137 -0.026440 0.599996 -0.010039 0.021156 -0.004110 0.330949 -0.019154 0.020531 -0.029463 0.066773 -0.012325 1 0 1 0
0.570000 0.071800 -0.026531 0.600083 -0.010187 0.021490 -0.004172 0.334227 -0.017454 0.014360 -0.029501 0.067061 -0.012349 1 0 1 0
0.575000 0.073479 -0.026615 0.600140 -0.010334 0.021826 -0.004233 0.337405 -0.015804 0.008375 -0.029538 0.067350 -0.012373 1 0 1 0
0.580000 0.075174 -0.026690 0.600167 -0.010482 0.022164 -0.004295 0.340485 -0.014205 0.002574 -0.029576 0.067641 -0.012397 1 0 1 0
0.585000 0.076883 -0.026757 0.600166 -0.010630 0.022503 -0.004357 0.343465 -0.012657 -0.003042 -0.029614 0.067934 -0.012421 1 0 1 0
0.590000 0.078608 -0.026816 0.600137 -0.010778 0.022843 -0.004419 0.346346 -0.011159 -0.008473 -0.029651 0.068230 -0.012445 1 0 1 0
0.595000 0.080347 -0.026868 0.600081 -0.010926 0.023185 -0.004482 0.349128 -0.009712 -0.013720 -0.029689 0.068526 -0.012469 1 0 1 0
0.600000 0.082099 -0.026913 0.600000 -0.011075 0.023529 -0.004544 0.351812 -0.008316 -0.018781 -0.029727 0.068825 -0.012493 1 0 1 0
0.605000 0.083865 -0.026952 0.599894 -0.011224 0.023873 -0.004607 0.354396 -0.006970 -0.023658 -0.029765 0.069126 -0.012516 1 0 1 0
0.610000 0.085643 -0.026983 0.599764 -0.011373 0.024220 -0.004669 0.356881 -0.005674 -0.028349 -0.029804 0.069428 -0.012540 1 0 1 0
0.615000 0.087433 -0.027008 0.599611 -0.011522 0.024568 -0.004732 0.359267 -0.004429 -0.032856 -0.029842 0.069733 -0.012564 1 0 1 0
0.620000 0.089235 -0.027028 0.599435 -0.011671 0.024917 -0.004795 0.361554 -0.003235 -0.037178 -0.029880 0.070039 -0.012588 1 0 1 0
0.625000 0.091049 -0.027041 0.599239 -0.011821 0.025268 -0.004858 0.363741 -0.002091 -0.041315 -0.029919 0.070347 -0.012611 1 0 1 0
0.630000 0.092873 -0.027049 0.599023 -0.011970 0.025621 -0.004921 0.365830 -0.000998 -0.045267 -0.029957 0.070657 -0.012635 1 0 1 0
0.635000 0.094707 -0.027051 0.598787 -0.012120 0.025975 -0.004984 0.367820 0.000044 -0.049034 -0.029996 0.070969 -0.012658 1 0 1 0
0.640000 0.096551 -0.027048 0.598533 -0.012270 0.026330 -0.005048 0.369711 0.001036 -0.052616 -0.030035 0.071283 -0.012682 1 0 1 0
0.645000 0.098404 -0.027041 0.598261 -0.012420 0.026687 -0.005111 0.371502 0.001977 -0.056014 -0.030074 0.071598 -0.012705 1 0 1 0
0.650000 0.100266 -0.027028 0.597973 -0.012571 0.027046 -0.005175 0.373195 0.002868 -0.059226 -0.030113 0.071916 -0.012729 1 0 1 0
0.655000 0.102136 -0.027012 0.597669 -0.012722 0.027407 -0.005238 0.374788 0.003708 -0.062254 -0.030152 0.072235 -0.012752 1 0 1 0
0.660000 0.104013 -0.026991 0.597351 -0.012872 0.027769 -0.005302 0.376282 0.004497 -0.065097 -0.030191 0.072556 -0.012775 1 0 1 0
0.665000 0.105898 -0.026967 0.597018 -0.013024 0.028132 -0.005366 0.377678 0.005236 -0.067755 -0.030230 0.072879 -0.012798 1 0 1 0
0.670000 0.107790 -0.026939 0.596673 -0.013175 0.028497 -0.005430 0.378974 0.005925 -0.070228 -0.030270 0.073204 -0.012822 1 0 1 0
0.675000 0.109688 -0.026908 0.596316 -0.013326 0.028864 -0.005494 0.380171 0.006562 -0.072516 -0.030309 0.073531 -0.012845 1 0 1 0
0.680000 0.111591 -0.026874 0.595948 -0.013478 0.029233 -0.005559 0.381269 0.007150 -0.074619 -0.030349 0.073860 -0.012868 1 0 1 0
0.685000 0.113500 -0.026837 0.595570 -0.013630 0.029603 -0.005623 0.382268 0.007686 -0.076538 -0.030388 0.074190 -0.012891 1 0 1 0
0.690000 0.115414 -0.026797 0.595183 -0.013782 0.029975 -0.005688 0.383168 0.008172 -0.078271 -0.030428 0.074523 -0.012914 1 0 1 0
0.695000 0.117332 -0.026755 0.594788 -0.013934 0.030348 -0.005752 0.383969 0.008608 -0.079820 -0.030468 0.074857 -0.012937 1 0 1 0
0.700000 0.119253 -0.026711 0.594386 -0.014086 0.030723 -0.005817 0.384671 0.008992 -0.081183 -0.030508 0.075193 -0.012960 1 0 1 0
0.705000 0.121178 -0.026665 0.593977 -0.014239 0.031100 -0.005882 0.385274 0.009327 -0.082362 -0.030548 0.075531 -0.012983 1 0 1 0
0.710000 0.123106 -0.026618 0.593562 -0.014392 0.031479 -0.005947 0.385778 0.009610 -0.083356 -0.030588 0.075871 -0.013005 1 0 1 0
0.715000 0.125036 -0.026569 0.593143 -0.014545 0.031859 -0.006012 0.386183 0.009843 -0.084165 -0.030628 0.076213 -0.013028 1 0 1 0
0.720000 0.126968 -0.026519 0.592721 -0.014698 0.032241 -0.006077 0.386488 0.010026 -0.084790 -0.030669 0.076556 -0.013051 1 0 1 0
0.725000 0.128901 -0.026469 0.592296 -0.014852 0.032624 -0.006142 0.386695 0.010157 -0.085229 -0.030709 0.076902 -0.013073 1 0 1 0
0.730000 0.130835 -0.026418 0.591869 -0.015005 0.033010 -0.006208 0.386802 0.010239 -0.085483 -0.030750 0.077249 -0.013096 1 0 1 0
0.735000 0.132769 -0.026367 0.591441 -0.015159 0.033397 -0.006273 0.386811 0.010269 -0.085553 -0.030791 0.077598 -0.013119 1 0 1 0
0.740000 0.134702 -0.026315 0.591014 -0.015313 0.033786 -0.006339 0.386720 0.010250 -0.085438 -0.030831 0.077949 -0.013141 1 0 1 0
0.745000 0.136636 -0.026264 0.590587 -0.015467 0.034176 -0.006405 0.386530 0.010179 -0.085138 -0.030872 0.078302 -0.013164 1 0 1 0
0.750000 0.138568 -0.026214 0.590163 -0.015622 0.034569 -0.006471 0.386242 0.010058 -0.084653 -0.030913 0.078657 -0.013186 1 0 1 0
0.755000 0.140498 -0.026164 0.589741 -0.015777 0.034963 -0.006537 0.385854 0.009886 -0.083983 -0.030954 0.079014 -0.013208 1 0 1 0
0.760000 0.142426 -0.026115 0.589323 -0.015931 0.035359 -0.006603 0.385367 0.009664 -0.083128 -0.030995 0.079372 -0.013231 1 0 1 0
0.765000 0.144351 -0.026067 0.588910 -0.016087 0.035757 -0.006669 0.384781 0.009391 -0.082088 -0.031037 0.079733 -0.013253 1 0 1 0
0.770000 0.146274 -0.026021 0.588502 -0.016242 0.036156 -0.006735 0.384096 0.009068 -0.080864 -0.031078 0.080095 -0.013275 1 0 1 0
0.775000 0.148192 -0.025977 0.588102 -0.016397 0.036558 -0.006802 0.383312 0.008694 -0.079454 -0.031119 0.080459 -0.013297 1 0 1 0
0.780000 0.150107 -0.025934 0.587708 -0.016553 0.036961 -0.006868 0.382429 0.008269 -0.077860 -0.031161 0.080825 -0.013319 1 0 1 0
0.785000 0.152016 -0.025894 0.587323 -0.016709 0.037366 -0.006935 0.381447 0.007794 -0.076080 -0.031203 0.081193 -0.013342 1 0 1 0
0.790000 0.153921 -0.025856 0.586948 -0.016865 0.037773 -0.007002 0.380365 0.007268 -0.074116 -0.031244 0.081563 -0.013364 1 0 1 0
0.795000 0.155820 -0.025821 0.586582 -0.017021 0.038181 -0.007068 0.379185 0.006692 -0.071967 -0.031286 0.081934 -0.013386 1 0 1 0
0.800000 0.157713 -0.025789 0.586228 -0.017178 0.038592 -0.007135 0.377906 0.006065 -0.069634 -0.031328 0.082308 -0.013407 1 1 1 1
0.805000 0.159602 -0.025759 0.585881 -0.017335 0.039001 -0.007202 0.377969 0.006035 -0.069517 -0.031562 0.081212 -0.013255 1 1 1 1
0.810000 0.161492 -0.025729 0.585533 -0.017494 0.039404 -0.007268 0.378032 0.006006 -0.069402 -0.031797 0.080108 -0.013100 1 1 1 1
0.815000 0.163383 -0.025699 0.585186 -0.017653 0.039802 -0.007333 0.378094 0.005978 -0.069288 -0.032034 0.078996 -0.012945 1 1 1 1
0.820000 0.165273 -0.025669 0.584840 -0.017814 0.040194 -0.007397 0.378155 0.005949 -0.069175 -0.032272 0.077875 -0.012789 1 1 1 1
0.825000 0.167164 -0.025640 0.584495 -0.017976 0.040581 -0.007461 0.378216 0.005921 -0.069063 -0.032512 0.076746 -0.012632 1 1 1 1
0.830000 0.169055 -0.025610 0.584150 -0.018139 0.040962 -0.007524 0.378277 0.005893 -0.068952 -0.032753 0.075608 -0.012473 1 1 1 1
0.835000 0.170947 -0.025581 0.583805 -0.018303 0.041337 -0.007586 0.378337 0.005866 -0.068842 -0.032995 0.074462 -0.012313 1 1 1 1
0.840000 0.172839 -0.025551 0.583461 -0.018469 0.041706 -0.007647 0.378396 0.005839 -0.068734 -0.033238 0.073308 -0.012153 1 1 1 1
0.845000 0.174731 -0.025522 0.583118 -0.018636 0.042070 -0.007707 0.378455 0.005812 -0.068626 -0.033483 0.072145 -0.011991 1 1 1 1
0.850000 0.176623 -0.025493 0.582775 -0.018804 0.042428 -0.007767 0.378513 0.005785 -0.068520 -0.033730 0.070974 -0.011828 1 1 1 1
0.855000 0.178516 -0.025464 0.582433 -0.018973 0.042779 -0.007826 0.378570 0.005759 -0.068414 -0.033978 0.069795 -0.011664 1 1 1 1
0.860000 0.180409 -0.025436 0.582091 -0.019144 0.043125 -0.007883 0.378627 0.005733 -0.068310 -0.034227 0.068607 -0.011498 1 1 1 1
0.865000 0.182302 -0.025407 0.581750 -0.019315 0.043466 -0.007940 0.378684 0.005707 -0.068206 -0.034477 0.067411 -0.011332 1 1 1 1
0.870000 0.184196 -0.025379 0.581409 -0.019488 0.043800 -0.007997 0.378740 0.005682 -0.068104 -0.034729 0.066206 -0.011165 1 1 1 1
0.875000 0.186090 -0.025350 0.581069 -0.019663 0.044128 -0.008052 0.378795 0.005656 -0.068003 -0.034982 0.064993 -0.010996 1 1 1 1
0.880000 0.187984 -0.025322 0.580729 -0.019838 0.044449 -0.008107 0.378850 0.005632 -0.067903 -0.035237 0.063772 -0.010826 1 1 1 1
0.885000 0.189878 -0.025294 0.580390 -0.020015 0.044765 -0.008160 0.378904 0.005607 -0.067804 -0.035493 0.062542 -0.010655 1 1 1 1
0.890000 0.191773 -0.025266 0.580051 -0.020193 0.045075 -0.008213 0.378957 0.005583 -0.067706 -0.035750 0.061304 -0.010484 1 1 1 1
0.895000 0.193668 -0.025238 0.579712 -0.020372 0.045378 -0.008265 0.379010 0.005559 -0.067609 -0.036009 0.060057 -0.010310 1 1 1 1
0.900000 0.195563 -0.025210 0.579375 -0.020553 0.045675 -0.008316 0.379063 0.005535 -0.067513 -0.036269 0.058802 -0.010136 1 1 1 1
0.905000 0.197458 -0.025183 0.579037 -0.020735 0.045966 -0.008367 0.379115 0.005512 -0.067418 -0.036531 0.057539 -0.009961 1 1 1 1
0.910000 0.199354 -0.025155 0.578700 -0.020919 0.046251 -0.008416 0.379166 0.005489 -0.067324 -0.036794 0.056267 -0.009784 1 1 1 1
0.915000 0.201250 -0.025128 0.578364 -0.021103 0.046529 -0.008464 0.379217 0.005466 -0.067232 -0.037058 0.054987 -0.009607 1 1 1 1
0.920000 0.203146 -0.025101 0.578028 -0.021289 0.046801 -0.008512 0.379267 0.005444 -0.067140 -0.037324 0.053698 -0.009428 1 1 1 1
0.925000 0.205043 -0.025073 0.577693 -0.021476 0.047066 -0.008559 0.379316 0.005422 -0.067050 -0.037591 0.052401 -0.009248 1 1 1 1
0.930000 0.206939 -0.025046 0.577358 -0.021665 0.047325 -0.008605 0.379365 0.005400 -0.066960 -0.037859 0.051096 -0.009068 1 1 1 1
0.935000 0.208836 -0.025019 0.577023 -0.021855 0.047577 -0.008649 0.379414 0.005378 -0.066872 -0.038129 0.049782 -0.008886 1 1 1 1
0.940000 0.210733 -0.024993 0.576689 -0.022046 0.047822 -0.008693 0.379461 0.005357 -0.066785 -0.038400 0.048460 -0.008702 1 1 1 1
0.945000 0.212631 -0.024966 0.576355 -0.022239 0.048061 -0.008736 0.379509 0.005336 -0.066699 -0.038673 0.047130 -0.008518 1 1 1 1
0.950000 0.214529 -0.024939 0.576022 -0.022433 0.048294 -0.008779 0.379555 0.005316 -0.066614 -0.038947 0.045791 -0.008333 1 1 1 1
0.955000 0.216426 -0.024913 0.575689 -0.022628 0.048519 -0.008820 0.379602 0.005295 -0.066530 -0.039222 0.044444 -0.008146 1 1 1 1
0.960000 0.218325 -0.024886 0.575357 -0.022825 0.048738 -0.008860 0.379647 0.005275 -0.066447 -0.039499 0.043088 -0.007959 1 1 1 1
0.965000 0.220223 -0.024860 0.575025 -0.023023 0.048950 -0.008899 0.379692 0.005255 -0.066365 -0.039777 0.041724 -0.007770 1 1 1 1
0.970000 0.222121 -0.024834 0.574693 -0.023223 0.049155 -0.008938 0.379736 0.005236 -0.066284 -0.040056 0.040352 -0.007580 1 1 1 1
0.975000 0.224020 -0.024808 0.574362 -0.023424 0.049354 -0.008975 0.379780 0.005217 -0.066204 -0.040337 0.038971 -0.007389 1 1 1 1
0.980000 0.225919 -0.024782 0.574031 -0.023626 0.049545 -0.009012 0.379824 0.005198 -0.066126 -0.040619 0.037582 -0.007197 1 1 1 1
0.985000 0.227819 -0.024756 0.573701 -0.023830 0.049730 -0.009047 0.379866 0.005179 -0.066048 -0.040903 0.036184 -0.007004 1 1 1 1
0.990000 0.229718 -0.024730 0.573370 -0.024035 0.049907 -0.009082 0.379908 0.005161 -0.065971 -0.041188 0.034778 -0.006809 1 1 1 1
0.995000 0.231618 -0.024704 0.573041 -0.024242 0.050077 -0.009115 0.379950 0.005143 -0.065896 -0.041474 0.033364 -0.006614 1 1 1 1
1.000000 0.233517 -0.024678 0.572711 -0.024450 0.050241 -0.009148 0.379991 0.005126 -0.065822 -0.041762 0.031941 -0.006417 1 1 1 1
1.005000 0.235418 -0.024653 0.572383 -0.024660 0.050397 -0.009179 0.380031 0.005108 -0.065748 -0.042051 0.030510 -0.006220 1 1 1 1
1.010000 0.237318 -0.024627 0.572054 -0.024871 0.050546 -0.009210 0.380071 0.005091 -0.065676 -0.042341 0.029070 -0.006021 1 1 1 1
1.015000 0.239218 -0.024602 0.571726 -0.025083 0.050687 -0.009240 0.380110 0.005074 -0.065605 -0.042633 0.027622 -0.005821 1 1 1 1
1.020000 0.241119 -0.024577 0.571398 -0.025297 0.050822 -0.009268 0.380149 0.005058 -0.065535 -0.042926 0.026166 -0.005620 1 1 1 1
1.025000 0.243020 -0.024551 0.571070 -0.025512 0.050949 -0.009296 0.380187 0.005042 -0.065466 -0.043221 0.024701 -0.005418 1 1 1 1
1.030000 0.244921 -0.024526 0.570743 -0.025729 0.051069 -0.009322 0.380225 0.005026 -0.065398 -0.043517 0.023228 -0.005214 1 1 1 1
1.035000 0.246822 -0.024501 0.570416 -0.025948 0.051181 -0.009348 0.380262 0.005010 -0.065331 -0.043814 0.021747 -0.005010 1 1 1 1
1.040000 0.248723 -0.024476 0.570090 -0.026167 0.051286 -0.009372 0.380298 0.004995 -0.065265 -0.044113 0.020257 -0.004804 1 1 1 1
1.045000 0.250625 -0.024451 0.569764 -0.026389 0.051384 -0.009396 0.380334 0.004980 -0.065201 -0.044413 0.018759 -0.004598 1 1 1 1
1.050000 0.252527 -0.024426 0.569438 -0.026611 0.051474 -0.009418 0.380369 0.004966 -0.065137 -0.044714 0.017252 -0.004390 1 1 1 1
1.055000 0.254429 -0.024401 0.569112 -0.026836 0.051556 -0.009440 0.380404 0.004951 -0.065074 -0.045017 0.015737 -0.004181 1 1 1 1
1.060000 0.256331 -0.024377 0.568787 -0.027062 0.051631 -0.009460 0.380438 0.004937 -0.065013 -0.045322 0.014214 -0.003971 1 1 1 1
1.065000 0.258233 -0.024352 0.568462 -0.027289 0.051698 -0.009480 0.380472 0.004923 -0.064953 -0.045627 0.012682 -0.003760 1 1 1 1
1.070000 0.260135 -0.024327 0.568138 -0.027518 0.051758 -0.009498 0.380505 0.004910 -0.064893 -0.045934 0.011142 -0.003548 1 1 1 1
1.075000 0.262038 -0.024303 0.567813 -0.027748 0.051810 -0.009515 0.380537 0.004897 -0.064835 -0.046242 0.009593 -0.003334 1 1 1 1
1.080000 0.263941 -0.024278 0.567489 -0.027980 0.051854 -0.009531 0.380569 0.004884 -0.064778 -0.046552 0.008036 -0.003120 1 1 1 1
1.085000 0.265844 -0.024254 0.567166 -0.028214 0.051890 -0.009546 0.380600 0.004871 -0.064722 -0.046863 0.006471 -0.002904 1 1 1 1
1.090000 0.267747 -0.024230 0.566842 -0.028449 0.051919 -0.009560 0.380631 0.004859 -0.064667 -0.047176 0.004897 -0.002687 1 1 1 1
1.095000 0.269650 -0.024206 0.566519 -0.028686 0.051939 -0.009573 0.380661 0.004847 -0.064613 -0.047490 0.003315 -0.002470 1 1 1 1
1.100000 0.271553 -0.024181 0.566196 -0.028924 0.051952 -0.009585 0.380691 0.004835 -0.064560 -0.047805 0.001725 -0.002251 1 1 1 1
1.105000 0.273457 -0.024157 0.565873 -0.029164 0.051956 -0.009596 0.380719 0.004824 -0.064508 -0.048122 0.000126 -0.002031 1 1 1 1
1.110000 0.275361 -0.024133 0.565551 -0.029405 0.051953 -0.009605 0.380748 0.004813 -0.064457 -0.048440 -0.001482 -0.001809 1 1 1 1
1.115000 0.277264 -0.024109 0.565229 -0.029648 0.051942 -0.009614 0.380776 0.004802 -0.064408 -0.048759 -0.003097 -0.001587 1 1 1 1
1.120000 0.279168 -0.024085 0.564907 -0.029893 0.051922 -0.009621 0.380803 0.004792 -0.064359 -0.049080 -0.004721 -0.001364 1 1 1 1
1.125000 0.281072 -0.024061 0.564585 -0.030139 0.051894 -0.009627 0.380830 0.004782 -0.064311 -0.049402 -0.006354 -0.001139 1 1 1 1
1.130000 0.282977 -0.024037 0.564264 -0.030387 0.051859 -0.009632 0.380856 0.004772 -0.064265 -0.049725 -0.007995 -0.000913 1 1 1 1
1.135000 0.284881 -0.024013 0.563943 -0.030636 0.051814 -0.009636 0.380881 0.004762 -0.064220 -0.050050 -0.009644 -0.000687 1 1 1 1
1.140000 0.286785 -0.023990 0.563622 -0.030887 0.051762 -0.009639 0.380906 0.004753 -0.064175 -0.050376 -0.011301 -0.000459 1 1 1 1
1.145000 0.288690 -0.023966 0.563301 -0.031140 0.051701 -0.009641 0.380931 0.004744 -0.064132 -0.050704 -0.012967 -0.000230 1 1 1 1
1.150000 0.290595 -0.023942 0.562980 -0.031394 0.051632 -0.009642 0.380955 0.004735 -0.064090 -0.051033 -0.014642 0.000001 1 1 1 1
1.155000 0.292500 -0.023919 0.562660 -0.031650 0.051555 -0.009641 0.380978 0.004727 -0.064049 -0.051364 -0.016325 0.000232 1 1 1 1
1.160000 0.294405 -0.023895 0.562340 -0.031908 0.051469 -0.009639 0.381000 0.004719 -0.064009 -0.051695 -0.018016 0.000464 1 1 1 1
1.165000 0.296310 -0.023871 0.562020 -0.032167 0.051375 -0.009636 0.381023 0.004711 -0.063970 -0.052028 -0.019715 0.000698 1 1 1 1
1.170000 0.298215 -0.023848 0.561700 -0.032428 0.051272 -0.009632 0.381044 0.004704 -0.063932 -0.052363 -0.021423 0.000932 1 1 1 1
1.175000 0.300120 -0.023824 0.561380 -0.032691 0.051161 -0.009627 0.381065 0.004696 -0.063895 -0.052699 -0.023140 0.001168 1 1 1 1
1.180000 0.302025 -0.023801 0.561061 -0.032955 0.051041 -0.009621 0.381085 0.004689 -0.063859 -0.053036 -0.024864 0.001405 1 1 1 1
1.185000 0.303931 -0.023777 0.560742 -0.033221 0.050912 -0.009613 0.381105 0.004683 -0.063825 -0.053375 -0.026597 0.001643 1 1 1 1
1.190000 0.305837 -0.023754 0.560423 -0.033489 0.050775 -0.009604 0.381125 0.004677 -0.063791 -0.053715 -0.028339 0.001882 1 1 1 1
1.195000 0.307742 -0.023731 0.560104 -0.033758 0.050628 -0.009594 0.381143 0.004671 -0.063759 -0.054056 -0.030089 0.002122 1 1 1 1
1.200000 0.309648 -0.023707 0.559785 -0.034030 0.050474 -0.009583 0.381161 0.004665 -0.063727 -0.054399 -0.031847 0.002364 0 1 0 1
1.205000 0.311554 -0.023684 0.559467 -0.034302 0.050315 -0.009571 0.381074 0.004716 -0.063529 -0.054549 -0.031469 0.002337 0 1 0 1
1.210000 0.313459 -0.023660 0.559150 -0.034575 0.050159 -0.009560 0.380988 0.004766 -0.063336 -0.054699 -0.031089 0.002309 0 1 0 1
1.215000 0.315363 -0.023636 0.558834 -0.034849 0.050004 -0.009548 0.380905 0.004815 -0.063148 -0.054850 -0.030705 0.002282 0 1 0 1
1.220000 0.317268 -0.023612 0.558518 -0.035123 0.049852 -0.009537 0.380824 0.004862 -0.062965 -0.055002 -0.030318 0.002254 0 1 0 1
1.225000 0.319172 -0.023588 0.558204 -0.035399 0.049701 -0.009526 0.380745 0.004908 -0.062786 -0.055154 -0.029928 0.002226 0 1 0 1
1.230000 0.321075 -0.023563 0.557891 -0.035675 0.049553 -0.009515 0.380668 0.004953 -0.062613 -0.055308 -0.029535 0.002198 0 1 0 1
1.235000 0.322978 -0.023538 0.557578 -0.035952 0.049406 -0.009504 0.380594 0.004997 -0.062444 -0.055462 -0.029139 0.002170 0 1 0 1
1.240000 0.324881 -0.023513 0.557266 -0.036230 0.049261 -0.009493 0.380522 0.005039 -0.062281 -0.055617 -0.028740 0.002141 0 1 0 1
1.245000 0.326784 -0.023488 0.556955 -0.036508 0.049119 -0.009482 0.380452 0.005080 -0.062122 -0.055773 -0.028338 0.002112 0 1 0 1
1.250000 0.328686 -0.023462 0.556645 -0.036787 0.048978 -0.009472 0.380384 0.005119 -0.061969 -0.055930 -0.027933 0.002083 0 1 0 1
1.255000 0.330587 -0.023436 0.556335 -0.037067 0.048839 -0.009461 0.380318 0.005158 -0.061820 -0.056087 -0.027525 0.002054 0 1 0 1
1.260000 0.332489 -0.023411 0.556027 -0.037348 0.048703 -0.009451 0.380255 0.005195 -0.061676 -0.056245 -0.027113 0.002024 0 1 0 1
1.265000 0.334390 -0.023384 0.555719 -0.037630 0.048568 -0.009441 0.380194 0.005230 -0.061537 -0.056404 -0.026699 0.001994 0 1 0 1
1.270000 0.336291 -0.023358 0.555411 -0.037912 0.048436 -0.009431 0.380135 0.005265 -0.061403 -0.056564 -0.026282 0.001964 0 1 0 1
1.275000 0.338191 -0.023332 0.555105 -0.038196 0.048305 -0.009421 0.380078 0.005298 -0.061275 -0.056725 -0.025861 0.001934 0 1 0 1
1.280000 0.340092 -0.023305 0.554799 -0.038480 0.048177 -0.009412 0.380024 0.005330 -0.061151 -0.056887 -0.025438 0.001903 0 1 0 1
1.285000 0.341992 -0.023279 0.554493 -0.038764 0.048051 -0.009402 0.379971 0.005360 -0.061032 -0.057049 -0.025011 0.001872 0 1 0 1
1.290000 0.343891 -0.023252 0.554188 -0.039050 0.047927 -0.009393 0.379921 0.005389 -0.060917 -0.057212 -0.024582 0.001841 0 1 0 1
1.295000 0.345791 -0.023225 0.553884 -0.039337 0.047805 -0.009384 0.379874 0.005417 -0.060808 -0.057376 -0.024149 0.001810 0 1 0 1
1.300000 0.347690 -0.023198 0.553580 -0.039624 0.047685 -0.009375 0.379828 0.005444 -0.060704 -0.057541 -0.023714 0.001778 0 1 0 1
1.305000 0.349589 -0.023170 0.553277 -0.039912 0.047568 -0.009366 0.379784 0.005469 -0.060605 -0.057706 -0.023275 0.001747 0 1 0 1
1.310000 0.351488 -0.023143 0.552974 -0.040201 0.047453 -0.009358 0.379743 0.005493 -0.060510 -0.057873 -0.022833 0.001715 0 1 0 1
1.315000 0.353386 -0.023115 0.552672 -0.040491 0.047340 -0.009349 0.379704 0.005516 -0.060421 -0.058040 -0.022388 0.001682 0 1 0 1
1.320000 0.355285 -0.023088 0.552370 -0.040781 0.047229 -0.009341 0.379667 0.005537 -0.060337 -0.058208 -0.021941 0.001650 0 1 0 1
1.325000 0.357183 -0.023060 0.552068 -0.041073 0.047120 -0.009333 0.379633 0.005557 -0.060257 -0.058377 -0.021490 0.001617 0 1 0 1
1.330000 0.359081 -0.023032 0.551767 -0.041365 0.047014 -0.009325 0.379601 0.005576 -0.060183 -0.058546 -0.021036 0.001584 0 1 0 1
1.335000 0.360979 -0.023004 0.551467 -0.041658 0.046910 -0.009317 0.379570 0.005594 -0.060113 -0.058717 -0.020579 0.001551 0 1 0 1
1.340000 0.362877 -0.022976 0.551166 -0.041952 0.046808 -0.009309 0.379542 0.005610 -0.060048 -0.058888 -0.020119 0.001518 0 1 0 1
1.345000 0.364775 -0.022948 0.550866 -0.042247 0.046709 -0.009302 0.379517 0.005625 -0.059989 -0.059060 -0.019656 0.001484 0 1 0 1
1.350000 0.366672 -0.022920 0.550566 -0.042543 0.046612 -0.009294 0.379493 0.005638 -0.059934 -0.059233 -0.019189 0.001450 0 1 0 1
1.355000 0.368570 -0.022892 0.550267 -0.042839 0.046517 -0.009287 0.379472 0.005651 -0.059884 -0.059407 -0.018720 0.001416 0 1 0 1
1.360000 0.370467 -0.022863 0.549967 -0.043137 0.046424 -0.009280 0.379453 0.005662 -0.059839 -0.059581 -0.018248 0.001382 0 1 0 1
1.365000 0.372364 -0.022835 0.549668 -0.043435 0.046334 -0.009273 0.379436 0.005671 -0.059799 -0.059756 -0.017773 0.001347 0 1 0 1
1.370000 0.374261 -0.022807 0.549369 -0.043734 0.046247 -0.009267 0.379421 0.005680 -0.059764 -0.059933 -0.017294 0.001312 0 1 0 1
1.375000 0.376158 -0.022778 0.549071 -0.044035 0.046161 -0.009260 0.379409 0.005687 -0.059734 -0.060109 -0.016813 0.001277 0 1 0 1
1.380000 0.378055 -0.022750 0.548772 -0.044336 0.046079 -0.009254 0.379399 0.005693 -0.059709 -0.060287 -0.016329 0.001242 0 1 0 1
1.385000 0.379952 -0.022721 0.548474 -0.044637 0.045998 -0.009248 0.379391 0.005697 -0.059689 -0.060466 -0.015841 0.001207 0 1 0 1
1.390000 0.381849 -0.022693 0.548175 -0.044940 0.045920 -0.009242 0.379385 0.005700 -0.059674 -0.060645 -0.015351 0.001171 0 1 0 1
1.395000 0.383746 -0.022664 0.547877 -0.045244 0.045845 -0.009236 0.379381 0.005702 -0.059663 -0.060825 -0.014857 0.001135 0 1 0 1
1.400000 0.385643 -0.022636 0.547579 -0.045548 0.045772 -0.009230 0.379380 0.005703 -0.059658 -0.061006 -0.014360 0.001099 0 1 0 1
1.405000 0.387540 -0.022607 0.547280 -0.045854 0.045701 -0.009225 0.379381 0.005702 -0.059658 -0.061188 -0.013861 0.001062 0 1 0 1
1.410000 0.389437 -0.022579 0.546982 -0.046160 0.045633 -0.009220 0.379384 0.005700 -0.059662 -0.061371 -0.013358 0.001025 0 1 0 1
1.415000 0.391334 -0.022550 0.546684 -0.046468 0.045567 -0.009215 0.379389 0.005697 -0.059672 -0.061554 -0.012852 0.000988 0 1 0 1
1.420000 0.393231 -0.022522 0.546385 -0.046776 0.045504 -0.009210 0.379397 0.005692 -0.059686 -0.061738 -0.012343 0.000951 0 1 0 1
1.425000 0.395128 -0.022493 0.546087 -0.047085 0.045444 -0.009205 0.379407 0.005686 -0.059705 -0.061923 -0.011832 0.000914 0 1 0 1
1.430000 0.397025 -0.022465 0.545788 -0.047395 0.045386 -0.009201 0.379418 0.005679 -0.059730 -0.062109 -0.011317 0.000876 0 1 0 1
1.435000 0.398922 -0.022437 0.545489 -0.047706 0.045331 -0.009196 0.379433 0.005671 -0.059759 -0.062296 -0.010799 0.000838 0 1 0 1
1.440000 0.400819 -0.022408 0.545191 -0.048018 0.045278 -0.009192 0.379449 0.005661 -0.059793 -0.062483 -0.010278 0.000800 0 1 0 1
1.445000 0.402716 -0.022380 0.544891 -0.048331 0.045228 -0.009188 0.379467 0.005650 -0.059832 -0.062671 -0.009754 0.000762 0 1 0 1
1.450000 0.404614 -0.022352 0.544592 -0.048645 0.045181 -0.009185 0.379488 0.005638 -0.059876 -0.062860 -0.009227 0.000723 0 1 0 1
1.455000 0.406511 -0.022324 0.544293 -0.048960 0.045136 -0.009181 0.379511 0.005624 -0.059925 -0.063050 -0.008696 0.000684 0 1 0 1
1.460000 0.408409 -0.022296 0.543993 -0.049275 0.045094 -0.009178 0.379536 0.005609 -0.059979 -0.063241 -0.008163 0.000645 0 1 0 1
1.465000 0.410307 -0.022268 0.543693 -0.049592 0.045054 -0.009175 0.379564 0.005593 -0.060038 -0.063432 -0.007627 0.000606 0 1 0 1
1.470000 0.412205 -0.022240 0.543393 -0.049910 0.045017 -0.009172 0.379594 0.005575 -0.060102 -0.063625 -0.007088 0.000566 0 1 0 1
1.475000 0.414103 -0.022212 0.543092 -0.050228 0.044983 -0.009169 0.379625 0.005556 -0.060171 -0.063818 -0.006545 0.000527 0 1 0 1
1.480000 0.416001 -0.022184 0.542791 -0.050548 0.044952 -0.009167 0.379659 0.005536 -0.060245 -0.064012 -0.006000 0.000487 0 1 0 1
1.485000 0.417899 -0.022156 0.542489 -0.050868 0.044923 -0.009164 0.379696 0.005515 -0.060323 -0.064206 -0.005451 0.000446 0 1 0 1
1.490000 0.419798 -0.022129 0.542188 -0.051190 0.044897 -0.009162 0.379734 0.005492 -0.060407 -0.064402 -0.004900 0.000406 0 1 0 1
1.495000 0.421697 -0.022102 0.541885 -0.051512 0.044874 -0.009160 0.379775 0.005468 -0.060496 -0.064598 -0.004345 0.000365 0 1 0 1
1.500000 0.423596 -0.022074 0.541583 -0.051836 0.044854 -0.009159 0.379818 0.005442 -0.060589 -0.064795 -0.003788 0.000324 0 1 0 1
1.505000 0.425495 -0.022047 0.541279 -0.052160 0.044836 -0.009157 0.379863 0.005416 -0.060688 -0.064993 -0.003227 0.000283 0 1 0 1
1.510000 0.427394 -0.022020 0.540976 -0.052486 0.044822 -0.009156 0.379910 0.005388 -0.060791 -0.065192 -0.002663 0.000241 0 1 0 1
1.515000 0.429294 -0.021993 0.540672 -0.052812 0.044810 -0.009155 0.379960 0.005358 -0.060899 -0.065391 -0.002097 0.000200 0 1 0 1
1.520000 0.431194 -0.021967 0.540367 -0.053140 0.044801 -0.009154 0.380012 0.005328 -0.061013 -0.065592 -0.001527 0.000158 0 1 0 1
1.525000 0.433094 -0.021940 0.540061 -0.053468 0.044795 -0.009153 0.380066 0.005296 -0.061131 -0.065793 -0.000954 0.000116 0 1 0 1
1.530000 0.434994 -0.021914 0.539755 -0.053798 0.044791 -0.009153 0.380122 0.005263 -0.061254 -0.065995 -0.000378 0.000073 0 1 0 1
1.535000 0.436895 -0.021887 0.539449 -0.054128 0.044791 -0.009152 0.380180 0.005228 -0.061382 -0.066198 0.000201 0.000031 0 1 0 1
1.540000 0.438796 -0.021861 0.539142 -0.054460 0.044793 -0.009152 0.380241 0.005193 -0.061515 -0.066401 0.000783 -0.000012 0 1 0 1
1.545000 0.440698 -0.021835 0.538834 -0.054792 0.044799 -0.009152 0.380304 0.005155 -0.061653 -0.066606 0.001368 -0.000055 0 1 0 1
1.550000 0.442599 -0.021810 0.538525 -0.055126 0.044807 -0.009153 0.380369 0.005117 -0.061796 -0.066811 0.001956 -0.000099 0 1 0 1
1.555000 0.444501 -0.021784 0.538216 -0.055460 0.044818 -0.009153 0.380436 0.005077 -0.061944 -0.067017 0.002547 -0.000142 0 1 0 1
1.560000 0.446404 -0.021759 0.537906 -0.055796 0.044832 -0.009154 0.380506 0.005036 -0.062097 -0.067224 0.003141 -0.000186 0 1 0 1
1.565000 0.448306 -0.021734 0.537595 -0.056132 0.044850 -0.009155 0.380577 0.004994 -0.062255 -0.067432 0.003738 -0.000230 0 1 0 1
1.570000 0.450209 -0.021709 0.537283 -0.056470 0.044870 -0.009156 0.380651 0.004951 -0.062417 -0.067640 0.004339 -0.000274 0 1 0 1
1.575000 0.452113 -0.021684 0.536971 -0.056809 0.044893 -0.009158 0.380727 0.004906 -0.062585 -0.067849 0.004942 -0.000319 0 1 0 1
1.580000 0.454017 -0.021660 0.536657 -0.057149 0.044919 -0.009160 0.380806 0.004860 -0.062758 -0.068059 0.005548 -0.000364 0 1 0 1
1.585000 0.455921 -0.021636 0.536343 -0.057489 0.044948 -0.009162 0.380886 0.004812 -0.062935 -0.068270 0.006158 -0.000409 0 1 0 1
1.590000 0.457826 -0.021612 0.536028 -0.057831 0.044981 -0.009164 0.380969 0.004763 -0.063118 -0.068482 0.006770 -0.000454 0 1 0 1
1.595000 0.459731 -0.021588 0.535712 -0.058174 0.045016 -0.009166 0.381054 0.004713 -0.063305 -0.068695 0.007386 -0.000499 0 1 0 1
1.600000 0.461636 -0.021565 0.535395 -0.058518 0.045055 -0.009169 0.381141 0.004662 -0.063497 -0.068908 0.008004 -0.000545 1 1 1 1
1.605000 0.463543 -0.021543 0.535082 -0.058863 0.045094 -0.009171 0.381735 0.004019 -0.061563 -0.069023 0.007879 -0.000533 1 1 1 1
1.610000 0.465453 -0.021525 0.534779 -0.059209 0.045133 -0.009174 0.382331 0.003378 -0.059635 -0.069139 0.007750 -0.000520 1 1 1 1
1.615000 0.467367 -0.021509 0.534486 -0.059555 0.045172 -0.009177 0.382930 0.002741 -0.057714 -0.069256 0.007620 -0.000507 1 1 1 1
1.620000 0.469283 -0.021497 0.534202 -0.059901 0.045210 -0.009179 0.383531 0.002107 -0.055800 -0.069373 0.007487 -0.000494 1 1 1 1
1.625000 0.471202 -0.021488 0.533928 -0.060248 0.045247 -0.009182 0.384135 0.001475 -0.053894 -0.069491 0.007351 -0.000481 1 1 1 1
1.630000 0.473124 -0.021482 0.533663 -0.060596 0.045283 -0.009184 0.384741 0.000847 -0.051994 -0.069610 0.007213 -0.000467 1 1 1 1
1.635000 0.475049 -0.021480 0.533408 -0.060944 0.045319 -0.009186 0.385350 0.000221 -0.050102 -0.069729 0.007073 -0.000454 1 1 1 1
1.640000 0.476978 -0.021480 0.533162 -0.061293 0.045354 -0.009189 0.385961 -0.000401 -0.048216 -0.069848 0.006930 -0.000440 1 1 1 1
1.645000 0.478909 -0.021484 0.532926 -0.061643 0.045388 -0.009191 0.386575 -0.001021 -0.046338 -0.069969 0.006785 -0.000426 1 1 1 1
1.650000 0.480843 -0.021490 0.532699 -0.061993 0.045422 -0.009193 0.387191 -0.001637 -0.044467 -0.070090 0.006638 -0.000412 1 1 1 1
1.655000 0.482781 -0.021500 0.532481 -0.062344 0.045455 -0.009195 0.387810 -0.002251 -0.042603 -0.070211 0.006488 -0.000398 1 1 1 1
1.660000 0.484722 -0.021513 0.532273 -0.062695 0.045487 -0.009197 0.388431 -0.002862 -0.040745 -0.070334 0.006336 -0.000383 1 1 1 1
1.665000 0.486665 -0.021529 0.532073 -0.063047 0.045518 -0.009199 0.389055 -0.003470 -0.038895 -0.070457 0.006181 -0.000369 1 1 1 1
1.670000 0.488612 -0.021548 0.531884 -0.063400 0.045548 -0.009200 0.389681 -0.004074 -0.037052 -0.070580 0.006024 -0.000354 1 1 1 1
1.675000 0.490562 -0.021569 0.531703 -0.063753 0.045578 -0.009202 0.390309 -0.004676 -0.035216 -0.070704 0.005864 -0.000339 1 1 1 1
1.680000 0.492515 -0.021594 0.531531 -0.064107 0.045607 -0.009204 0.390941 -0.005275 -0.033387 -0.070829 0.005702 -0.000324 1 1 1 1
1.685000 0.494471 -0.021622 0.531369 -0.064461 0.045635 -0.009205 0.391574 -0.005871 -0.031565 -0.070954 0.005538 -0.000309 1 1 1 1
1.690000 0.496431 -0.021653 0.531216 -0.064816 0.045662 -0.009207 0.392210 -0.006464 -0.029751 -0.071080 0.005371 -0.000293 1 1 1 1
1.695000 0.498394 -0.021687 0.531072 -0.065172 0.045689 -0.009208 0.392849 -0.007054 -0.027943 -0.071207 0.005201 -0.000278 1 1 1 1
1.700000 0.500359 -0.021724 0.530936 -0.065528 0.045714 -0.009210 0.393490 -0.007641 -0.026142 -0.071334 0.005030 -0.000262 1 1 1 1
1.705000 0.502328 -0.021763 0.530810 -0.065885 0.045739 -0.009211 0.394133 -0.008225 -0.024349 -0.071462 0.004856 -0.000246 1 1 1 1
1.710000 0.504301 -0.021806 0.530693 -0.066243 0.045763 -0.009212 0.394779 -0.008806 -0.022562 -0.071590 0.004679 -0.000230 1 1 1 1
1.715000 0.506276 -0.021851 0.530584 -0.066601 0.045786 -0.009213 0.395428 -0.009385 -0.020782 -0.071720 0.004500 -0.000213 1 1 1 1
1.720000 0.508255 -0.021900 0.530485 -0.066960 0.045808 -0.009214 0.396079 -0.009960 -0.019010 -0.071849 0.004319 -0.000197 1 1 1 1
1.725000 0.510237 -0.021951 0.530394 -0.067320 0.045829 -0.009215 0.396732 -0.010532 -0.017245 -0.071980 0.004135 -0.000180 1 1 1 1
1.730000 0.512222 -0.022005 0.530313 -0.067680 0.045849 -0.009216 0.397388 -0.011102 -0.015486 -0.072111 0.003949 -0.000164 1 1 1 1
1.735000 0.514211 -0.022062 0.530239 -0.068041 0.045869 -0.009217 0.398047 -0.011668 -0.013735 -0.072242 0.003761 -0.000147 1 1 1 1
1.740000 0.516203 -0.022122 0.530175 -0.068402 0.045887 -0.009218 0.398708 -0.012231 -0.011991 -0.072374 0.003570 -0.000129 1 1 1 1
1.745000 0.518198 -0.022184 0.530120 -0.068765 0.045904 -0.009218 0.399371 -0.012792 -0.010254 -0.072507 0.003376 -0.000112 1 1 1 1
1.750000 0.520197 -0.022250 0.530073 -0.069127 0.045921 -0.009219 0.400037 -0.013349 -0.008524 -0.072641 0.003180 -0.000095 1 1 1 1
1.755000 0.522198 -0.022318 0.530034 -0.069491 0.045936 -0.009219 0.400706 -0.013904 -0.006801 -0.072775 0.002982 -0.000077 1 1 1 1
1.760000 0.524204 -0.022389 0.530005 -0.069855 0.045951 -0.009219 0.401376 -0.014456 -0.005085 -0.072910 0.002781 -0.000059 1 1 1 1
1.765000 0.526212 -0.022462 0.529983 -0.070220 0.045964 -0.009220 0.402050 -0.015004 -0.003376 -0.073045 0.002578 -0.000041 1 1 1 1
1.770000 0.528224 -0.022539 0.529971 -0.070586 0.045976 -0.009220 0.402726 -0.015550 -0.001674 -0.073181 0.002373 -0.000023 1 1 1 1
1.775000 0.530239 -0.022618 0.529967 -0.070952 0.045988 -0.009220 0.403404 -0.016093 0.000021 -0.073317 0.002165 -0.000005 1 1 1 1
1.780000 0.532258 -0.022700 0.529971 -0.071319 0.045998 -0.009220 0.404085 -0.016632 0.001709 -0.073455 0.001955 0.000014 1 1 1 1
1.785000 0.534280 -0.022784 0.529984 -0.071686 0.046007 -0.009220 0.404768 -0.017169 0.003389 -0.073592 0.001742 0.000033 1 1 1 1
1.790000 0.536306 -0.022871 0.530005 -0.072055 0.046015 -0.009220 0.405454 -0.017703 0.005063 -0.073731 0.001527 0.000051 1 1 1 1
1.795000 0.538335 -0.022961 0.530034 -0.072424 0.046022 -0.009219 0.406142 -0.018234 0.006730 -0.073870 0.001309 0.000070 1 1 1 1
1.800000 0.540367 -0.023054 0.530072 -0.072793 0.046028 -0.009219 0.406833 -0.018762 0.008389 -0.074010 0.001089 0.000090 1 1 1 1
1.805000 0.542403 -0.023149 0.530118 -0.073164 0.046033 -0.009218 0.407526 -0.019287 0.010042 -0.074150 0.000867 0.000109 1 1 1 1
1.810000 0.544443 -0.023246 0.530173 -0.073535 0.046037 -0.009218 0.408222 -0.019809 0.011687 -0.074291 0.000642 0.000129 1 1 1 1
1.815000 0.546485 -0.023347 0.530235 -0.073907 0.046040 -0.009217 0.408920 -0.020328 0.013325 -0.074433 0.000415 0.000148 1 1 1 1
1.820000 0.548532 -0.023450 0.530306 -0.074279 0.046041 -0.009216 0.409621 -0.020844 0.014956 -0.074575 0.000185 0.000168 1 1 1 1
1.825000 0.550582 -0.023555 0.530385 -0.074652 0.046042 -0.009215 0.410324 -0.021357 0.016581 -0.074718 -0.000047 0.000188 1 1 1 1
1.830000 0.552635 -0.023663 0.530472 -0.075026 0.046041 -0.009214 0.411030 -0.021868 0.018198 -0.074861 -0.000281 0.000208 1 1 1 1
1.835000 0.554692 -0.023774 0.530567 -0.075401 0.046039 -0.009213 0.411738 -0.022375 0.019808 -0.075005 -0.000518 0.000229 1 1 1 1
1.840000 0.556752 -0.023887 0.530670 -0.075776 0.046036 -0.009212 0.412449 -0.022879 0.021411 -0.075150 -0.000757 0.000249 1 1 1 1
1.845000 0.558816 -0.024003 0.530781 -0.076153 0.046031 -0.009211 0.413162 -0.023381 0.023007 -0.075295 -0.000999 0.000270 1 1 1 1
1.850000 0.560884 -0.024121 0.530900 -0.076529 0.046026 -0.009209 0.413878 -0.023879 0.024596 -0.075441 -0.001243 0.000291 1 1 1 1
1.855000 0.562955 -0.024241 0.531027 -0.076907 0.046019 -0.009208 0.414596 -0.024374 0.026178 -0.075588 -0.001490 0.000312 1 1 1 1
1.860000 0.565030 -0.024365 0.531162 -0.077285 0.046011 -0.009206 0.415317 -0.024867 0.027752 -0.075735 -0.001739 0.000333 1 1 1 1
1.865000 0.567108 -0.024490 0.531304 -0.077664 0.046001 -0.009205 0.416040 -0.025356 0.029320 -0.075883 -0.001990 0.000355 1 1 1 1
1.870000 0.569190 -0.024618 0.531455 -0.078044 0.045991 -0.009203 0.416765 -0.025843 0.030881 -0.076031 -0.002244 0.000376 1 1 1 1
1.875000 0.571276 -0.024749 0.531613 -0.078425 0.045979 -0.009201 0.417493 -0.026327 0.032434 -0.076180 -0.002500 0.000398 1 1 1 1
1.880000 0.573365 -0.024881 0.531779 -0.078806 0.045966 -0.009199 0.418224 -0.026807 0.033981 -0.076330 -0.002759 0.000420 1 1 1 1
1.885000 0.575458 -0.025017 0.531953 -0.079188 0.045951 -0.009197 0.418957 -0.027285 0.035520 -0.076480 -0.003020 0.000442 1 1 1 1
1.890000 0.577555 -0.025154 0.532134 -0.079571 0.045936 -0.009194 0.419693 -0.027760 0.037053 -0.076631 -0.003283 0.000465 1 1 1 1
1.895000 0.579655 -0.025294 0.532323 -0.079954 0.045918 -0.009192 0.420431 -0.028231 0.038578 -0.076783 -0.003549 0.000487 1 1 1 1
1.900000 0.581759 -0.025437 0.532520 -0.080339 0.045900 -0.009189 0.421171 -0.028700 0.040096 -0.076935 -0.003817 0.000510 1 1 1 1
1.905000 0.583867 -0.025581 0.532724 -0.080724 0.045880 -0.009187 0.421914 -0.029166 0.041608 -0.077088 -0.004088 0.000532 1 1 1 1
1.910000 0.585978 -0.025728 0.532936 -0.081109 0.045859 -0.009184 0.422660 -0.029629 0.043112 -0.077241 -0.004361 0.000555 1 1 1 1
1.915000 0.588094 -0.025877 0.533155 -0.081496 0.045837 -0.009181 0.423408 -0.030089 0.044609 -0.077395 -0.004637 0.000579 1 1 1 1
1.920000 0.590212 -0.026029 0.533382 -0.081883 0.045813 -0.009178 0.424158 -0.030546 0.046099 -0.077550 -0.004915 0.000602 1 1 1 1
1.925000 0.592335 -0.026183 0.533616 -0.082272 0.045788 -0.009175 0.424911 -0.031000 0.047582 -0.077705 -0.005195 0.000625 1 1 1 1
1.930000 0.594462 -0.026339 0.533858 -0.082660 0.045761 -0.009172 0.425667 -0.031451 0.049058 -0.077861 -0.005478 0.000649 1 1 1 1
1.935000 0.596592 -0.026497 0.534107 -0.083050 0.045733 -0.009169 0.426425 -0.031899 0.050527 -0.078018 -0.005763 0.000673 1 1 1 1
1.940000 0.598726 -0.026658 0.534363 -0.083441 0.045703 -0.009165 0.427185 -0.032345 0.051989 -0.078175 -0.006051 0.000697 1 1 1 1
1.945000 0.600864 -0.026821 0.534627 -0.083832 0.045672 -0.009162 0.427948 -0.032787 0.053444 -0.078333 -0.006341 0.000721 1 1 1 1
1.950000 0.603005 -0.026986 0.534898 -0.084224 0.045640 -0.009158 0.428713 -0.033226 0.054891 -0.078491 -0.006633 0.000745 1 1 1 1
1.955000 0.605151 -0.027153 0.535176 -0.084617 0.045606 -0.009154 0.429481 -0.033662 0.056332 -0.078650 -0.006928 0.000770 1 1 1 1
1.960000 0.607300 -0.027323 0.535461 -0.085010 0.045571 -0.009150 0.430252 -0.034096 0.057765 -0.078810 -0.007225 0.000794 1 1 1 1
1.965000 0.609453 -0.027494 0.535753 -0.085405 0.045534 -0.009146 0.431025 -0.034526 0.059192 -0.078970 -0.007525 0.000819 1 1 1 1
1.970000 0.611610 -0.027668 0.536053 -0.085800 0.045495 -0.009142 0.431800 -0.034954 0.060611 -0.079131 -0.007827 0.000844 1 1 1 1
1.975000 0.613771 -0.027844 0.536359 -0.086196 0.045455 -0.009138 0.432578 -0.035378 0.062024 -0.079293 -0.008131 0.000869 1 1 1 1
1.980000 0.615936 -0.028022 0.536673 -0.086593 0.045414 -0.009134 0.433358 -0.035800 0.063429 -0.079455 -0.008438 0.000895 1 1 1 1
1.985000 0.618105 -0.028202 0.536994 -0.086991 0.045371 -0.009129 0.434141 -0.036218 0.064828 -0.079617 -0.008748 0.000920 1 1 1 1
1.990000 0.620278 -0.028384 0.537321 -0.087389 0.045326 -0.009124 0.434926 -0.036634 0.066219 -0.079781 -0.009059 0.000946 1 1 1 1
1.995000 0.622454 -0.028568 0.537656 -0.087789 0.045280 -0.009120 0.435714 -0.037047 0.067603 -0.079945 -0.009373 0.000972 1 1 1 1
2.000000 0.624635 -0.028754 0.537997 -0.088189 0.045233 -0.009115 0.436504 -0.037456 0.068980 -0.080110 -0.009690 0.000998 1 1 1 1
